Iteration	CPUTime	PhysTime	Travels	Value	AvValue	MinValue	MaxValue	Delta	Criteria	PrevAvRefValue	Progress	CriteriaType	CriteriaVarType	CriteriaPercentage
1	3	0	0.0129168965	0.558761946	0.558761946	0.558761946	0.558761946	0	0	0	0	0	0	3
2	4	0	0.0258337929	0.0596131529	0.30918755	0.0596131529	0.558761946	0.249574397	0	0	0	0	0	3
3	4	0	0.0387506894	0.027146197	0.215173765	0.027146197	0.558761946	0.343588181	0	0	0	0	0	3
4	4	0	0.0516675859	0.0350246562	0.170136488	0.027146197	0.558761946	0.388625458	0	0	0	0	0	3
5	5	0	0.0645844824	0.0256633719	0.141241865	0.0256633719	0.558761946	0.417520081	0	0	0	0	0	3
6	5	0	0.0775013788	0.0275613166	0.122295107	0.0256633719	0.558761946	0.436466839	0	0	0	0	0	3
7	5	0	0.0904182753	0.0213695823	0.107877175	0.0213695823	0.558761946	0.450884771	0	0	0	0	0	3
8	6	0	0.103335172	0.019833029	0.0968716565	0.019833029	0.558761946	0.46189029	0	0	0	0	0	3
9	6	0	0.116252068	0.0188456253	0.0882020975	0.0188456253	0.558761946	0.470559849	0	0	0	0	0	3
10	6	0	0.129168965	0.0185043068	0.0812323184	0.0185043068	0.558761946	0.477529628	0	0	0	0	0	3
11	7	0	0.142085861	0.0188048114	0.0755570905	0.0185043068	0.558761946	0.483204856	0	0	0	0	0	3
12	7	0	0.155002758	0.0191274958	0.0708546243	0.0185043068	0.558761946	0.487907322	0	0	0	0	0	3
13	7	0	0.167919654	0.0193709036	0.0668943381	0.0185043068	0.558761946	0.491867608	0	0	0	0	0	3
14	7	0	0.180836551	0.0196030006	0.0635163854	0.0185043068	0.558761946	0.495245561	0	0	0	0	0	3
15	8	0	0.193753447	0.0196221229	0.0605901012	0.0185043068	0.558761946	0.498171845	0	0	0	0	0	3
16	8	0	0.206670344	0.0192600528	0.0580069732	0.0185043068	0.558761946	0.500754973	0	0	0	0	0	3
17	9	0	0.21958724	0.0190029537	0.0557126191	0.0185043068	0.558761946	0.503049327	0	0	0	0	0	3
18	9	0	0.232504137	0.0190196023	0.0536741182	0.0185043068	0.558761946	0.505087828	0	0	0	0	0	3
19	9	0	0.245421033	0.0192081238	0.0518601185	0.0185043068	0.558761946	0.506901828	0	0	0	0	0	3
20	10	0	0.258337929	0.019366117	0.0502354184	0.0185043068	0.558761946	0.508526528	0	0	0	0	0	3
21	10	0	0.271254826	0.0195967601	0.0487764347	0.0185043068	0.558761946	0.509985511	0	0	0	0	0	3
22	10	0	0.284171722	0.0198673903	0.0474623872	0.0185043068	0.558761946	0.511299559	0	0	0	0	0	3
23	10	0	0.297088619	0.0201467866	0.0462747524	0.0185043068	0.558761946	0.512487194	0	0	0	0	0	3
24	11	0	0.310005515	0.020398765	0.0451965863	0.0185043068	0.558761946	0.51356536	0	0	0	0	0	3
25	11	0	0.322922412	0.0206225323	0.0442136241	0.0185043068	0.558761946	0.514548322	0	0	0	0	0	3
26	11	0	0.335839308	0.0207548892	0.0433113651	0.0185043068	0.558761946	0.515450581	0	0	0	0	0	3
27	12	0	0.348756205	0.0208873743	0.0424808469	0.0185043068	0.558761946	0.516281099	0	0	0	0	0	3
28	12	0	0.361673101	0.0210891264	0.0417168569	0.0185043068	0.558761946	0.517045089	0	0	0	0	0	3
29	12	0	0.374589998	0.0211678683	0.0410082711	0.0185043068	0.558761946	0.517753675	0	0	0	0	0	3
30	13	0	0.387506894	0.0213606078	0.0403533489	0.0185043068	0.558761946	0.518408597	0	0	0	0	0	3
31	13	0	0.400423791	0.021429539	0.0397429035	0.0185043068	0.558761946	0.519019043	0	0	0	0	0	3
32	13	0	0.413340687	0.0216183458	0.039176511	0.0185043068	0.558761946	0.519585435	0	0	0	0	0	3
33	14	0	0.426257584	0.0217200334	0.0386475269	0.0185043068	0.558761946	0.520114419	0	0	0	0	0	3
34	14	0	0.43917448	0.0219014975	0.0381549966	0.0185043068	0.558761946	0.52060695	0	0	0	0	0	3
35	14	0	0.452091377	0.0219409811	0.037691739	0.0185043068	0.558761946	0.521070207	0	0	0	0	0	3
36	15	0	0.465008273	0.0220768558	0.0372579923	0.0185043068	0.558761946	0.521503954	0	0	0	0	0	3
37	15	0	0.47792517	0.0220889822	0.036848019	0.0185043068	0.558761946	0.521913927	0	0	0	0	0	3
38	15	0	0.490842066	0.0221779115	0.0364619635	0.0185043068	0.558761946	0.522299983	0	0	0	0	0	3
39	15	0	0.503758962	0.0221522501	0.0360950478	0.0185043068	0.558761946	0.522666898	0	0	0	0	0	3
40	16	0	0.516675859	0.0222194579	0.0223375481	0.0185043068	0.0596131529	0.0411088461	0	0	0	0	0	3
41	16	0	0.529592755	0.0221894052	0.0213779648	0.0185043068	0.0350246562	0.0165203494	0	0	0	0	0	3
42	16	0	0.542509652	0.0222428276	0.0212522374	0.0185043068	0.0350246562	0.0165203494	0	0	0	0	0	3
43	17	0	0.555426548	0.0222035087	0.0209234901	0.0185043068	0.0275613166	0.0090570098	0	0	0	0	0	3
44	17	0	0.568343445	0.0222541278	0.0208360735	0.0185043068	0.0275613166	0.0090570098	0	0	0	0	0	3
45	17	0	0.581260341	0.0222164231	0.020699025	0.0185043068	0.0222541278	0.00374982106	0	0	0	0	0	3
46	18	0	0.594177238	0.0222581518	0.0207218088	0.0185043068	0.0222581518	0.00375384502	0	0	0	0	0	3
47	18	0	0.607094134	0.0221996975	0.0207824926	0.0185043068	0.0222581518	0.00375384502	0	0	0	0	0	3
48	18	0	0.620011031	0.0222536281	0.0208698773	0.0185043068	0.0222581518	0.00375384502	0	0	0	0	0	3
49	19	0	0.632927927	0.0222073547	0.0209648273	0.0188048114	0.0222581518	0.0034533404	0	0	0	0	0	3
50	19	0	0.645844824	0.0222569583	0.0210533439	0.0190029537	0.0222581518	0.00325519807	0	0	0	0	0	3
51	19	0	0.65876172	0.0222107541	0.0211324018	0.0190029537	0.0222581518	0.00325519807	0	0	0	0	0	3
52	20	0	0.671678617	0.0222526897	0.0212062937	0.0190029537	0.0222581518	0.00325519807	0	0	0	0	0	3
53	20	0	0.684595513	0.0221953197	0.0212727634	0.0190029537	0.0222581518	0.00325519807	0	0	0	0	0	3
54	20	0	0.69751241	0.0222427285	0.0213399584	0.0190029537	0.0222581518	0.00325519807	0	0	0	0	0	3
55	21	0	0.710429306	0.0221960675	0.0214152409	0.0190029537	0.0222581518	0.00325519807	0	0	0	0	0	3
56	21	0	0.723346203	0.0222491783	0.0214984774	0.0190196023	0.0222581518	0.00323854948	0	0	0	0	0	3
57	21	0	0.736263099	0.0222081604	0.0215802353	0.0192081238	0.0222581518	0.00305002801	0	0	0	0	0	3
58	21	0	0.749179995	0.022256713	0.0216584043	0.019366117	0.0222581518	0.00289203481	0	0	0	0	0	3
59	22	0	0.762096892	0.0222073753	0.021731257	0.0195967601	0.0222581518	0.00266139173	0	0	0	0	0	3
60	22	0	0.775013788	0.0222504367	0.0217993	0.0198673903	0.0222581518	0.0023907615	0	0	0	0	0	3
61	22	0	0.787930685	0.0222006354	0.0218591268	0.0201467866	0.0222581518	0.00211136519	0	0	0	0	0	3
62	23	0	0.800847581	0.0222488543	0.021913026	0.020398765	0.0222581518	0.00185938676	0	0	0	0	0	3
63	23	0	0.813764478	0.0222060563	0.0219593668	0.0206225323	0.0222581518	0.00163561954	0	0	0	0	0	3
64	23	0	0.826681374	0.0222581462	0.0220013056	0.0207548892	0.0222581518	0.00150326261	0	0	0	0	0	3
65	24	0	0.839598271	0.0222165949	0.0220387852	0.0208873743	0.0222581518	0.00137077751	0	0	0	0	0	3
66	24	0	0.852515167	0.0222635245	0.0220740711	0.0210891264	0.0222635245	0.00117439814	0	0	0	0	0	3
67	24	0	0.865432064	0.0222159819	0.0221029649	0.0211678683	0.0222635245	0.00109565623	0	0	0	0	0	3
68	25	0	0.87834896	0.022259171	0.022130947	0.0213606078	0.0222635245	0.000902916684	0	0	0	0	0	3
69	25	0	0.891265857	0.0222144939	0.0221528415	0.021429539	0.0222635245	0.000833985497	0	0	0	0	0	3
70	25	0	0.904182753	0.0222637098	0.0221742305	0.0216183458	0.0222637098	0.000645363989	0	0	0	0	0	3
71	26	0	0.91709965	0.0222232058	0.0221897397	0.0217200334	0.0222637098	0.00054367638	0	0	0	0	0	3
72	26	0	0.930016546	0.0222748113	0.0222039648	0.0219014975	0.0222748113	0.000373313718	0	0	0	0	0	3
73	26	0	0.942933443	0.0222306268	0.022212404	0.0219409811	0.0222748113	0.000333830111	0	0	0	0	0	3
74	26	0	0.955850339	0.0222756327	0.0222209848	0.0220768558	0.0222756327	0.000198776872	0	0	0	0	0	3
75	27	0	0.968767236	0.0222291336	0.0222248894	0.0220889822	0.0222756327	0.000186650522	0	0	0	0	0	3
76	27	0	0.981684132	0.0222795106	0.0222297747	0.0221522501	0.0222795106	0.000127260493	0	0	0	0	0	3
77	27	0	0.994601028	0.0222398552	0.022231363	0.0221522501	0.0222795106	0.000127260493	0	0	0	0	0	3
78	28	0	1.00751792	0.0222884726	0.0222348559	0.0221894052	0.0222884726	9.90674322e-05	0.000495610481	0	100	0	0	3
