Iteration	CPUTime	PhysTime	Travels	Value	AvValue	MinValue	MaxValue	Delta	Criteria	PrevAvRefValue	Progress	CriteriaType	CriteriaVarType	CriteriaPercentage
1	7	0	0.00964598665	-3.45751603	-3.45751603	-3.45751603	-3.45751603	0	0	0	0	0	0	3
2	9	0	0.0192919733	-3.34404791	-3.40078197	-3.45751603	-3.34404791	0.0567340606	0	0	0	0	0	3
3	11	0	0.0289379599	-0.376063042	-2.39254232	-3.45751603	-0.376063042	1.0649737	0	0	0	0	0	3
4	13	0	0.0385839466	-0.214742449	-1.84809236	-3.45751603	-0.214742449	1.60942367	0	0	0	0	0	3
5	14	0	0.0482299332	0.644148862	-1.34964411	-3.45751603	0.644148862	2.10787191	0	0	0	0	0	3
6	15	0	0.0578759199	-0.0140879757	-1.12705142	-3.45751603	0.644148862	2.3304646	0	0	0	0	0	3
7	15	0	0.0675219065	0.149013724	-0.944756402	-3.45751603	0.644148862	2.51275963	0	0	0	0	0	3
8	16	0	0.0771678932	0.226769151	-0.798315708	-3.45751603	0.644148862	2.65920032	0	0	0	0	0	3
9	17	0	0.0868138798	-0.37168672	-0.750912487	-3.45751603	0.644148862	2.70660354	0	0	0	0	0	3
10	19	0	0.0964598665	-0.319110158	-0.707732254	-3.45751603	0.644148862	2.74978377	0	0	0	0	0	3
11	20	0	0.106105853	-0.467838026	-0.685923688	-3.45751603	0.644148862	2.77159234	0	0	0	0	0	3
12	20	0	0.11575184	-0.731630108	-0.689732556	-3.45751603	0.644148862	2.77159234	0	0	0	0	0	3
13	22	0	0.125397826	-0.53814573	-0.678072031	-3.45751603	0.644148862	2.779444	0	0	0	0	0	3
14	23	0	0.135043813	-0.643861526	-0.675628424	-3.45751603	0.644148862	2.7818876	0	0	0	0	0	3
15	25	0	0.1446898	-0.609355932	-0.671210258	-3.45751603	0.644148862	2.78630577	0	0	0	0	0	3
16	27	0	0.154335786	-0.473258694	-0.658838285	-3.45751603	0.644148862	2.79867774	0	0	0	0	0	3
17	28	0	0.163981773	-0.492461766	-0.649051431	-3.45751603	0.644148862	2.8084646	0	0	0	0	0	3
18	30	0	0.17362776	-0.176524882	-0.622799956	-3.45751603	0.644148862	2.83471607	0	0	0	0	0	3
19	32	0	0.183273746	-0.26674811	-0.604060385	-3.45751603	0.644148862	2.85345564	0	0	0	0	0	3
20	33	0	0.192919733	-0.0652349545	-0.577119114	-3.45751603	0.644148862	2.88039691	0	0	0	0	0	3
21	35	0	0.20256572	-0.112522786	-0.554995479	-3.45751603	0.644148862	2.90252055	0	0	0	0	0	3
22	37	0	0.212211706	0.00326133772	-0.529620169	-3.45751603	0.644148862	2.92789586	0	0	0	0	0	3
23	38	0	0.221857693	0.15981072	-0.499644913	-3.45751603	0.644148862	2.95787111	0	0	0	0	0	3
24	40	0	0.23150368	0.135383651	-0.473185389	-3.45751603	0.644148862	2.98433064	0	0	0	0	0	3
25	41	0	0.241149666	0.127034773	-0.449176583	-3.45751603	0.644148862	3.00833944	0	0	0	0	0	3
26	43	0	0.250795653	0.231821807	-0.422984337	-3.45751603	0.644148862	3.03453169	0	0	0	0	0	3
27	45	0	0.260441639	0.0418179985	-0.405769436	-3.45751603	0.644148862	3.05174659	0	0	0	0	0	3
28	46	0	0.270087626	-0.0380044557	-0.392634972	-3.45751603	0.644148862	3.06488105	0	0	0	0	0	3
29	48	0	0.279733613	-0.0232976247	-0.379899202	-3.45751603	0.644148862	3.07761683	0	0	0	0	0	3
30	50	0	0.289379599	-0.025366693	-0.368081451	-3.45751603	0.644148862	3.08943458	0	0	0	0	0	3
31	53	0	0.299025586	-0.106187239	-0.359633251	-3.45751603	0.644148862	3.09788278	0	0	0	0	0	3
32	56	0	0.308671573	-0.0785446362	-0.350849232	-3.45751603	0.644148862	3.1066668	0	0	0	0	0	3
33	59	0	0.318317559	-0.194552585	-0.34611297	-3.45751603	0.644148862	3.11140306	0	0	0	0	0	3
34	62	0	0.327963546	-0.253105696	-0.343377462	-3.45751603	0.644148862	3.11413857	0	0	0	0	0	3
35	66	0	0.337609533	-0.283206792	-0.3416583	-3.45751603	0.644148862	3.11585773	0	0	0	0	0	3
36	69	0	0.347255519	-0.315004964	-0.340917929	-3.45751603	0.644148862	3.1165981	0	0	0	0	0	3
37	72	0	0.356901506	-0.335634729	-0.34077514	-3.45751603	0.644148862	3.11674089	0	0	0	0	0	3
38	76	0	0.366547493	-0.3393939	-0.340738792	-3.45751603	0.644148862	3.11677724	0	0	0	0	0	3
39	79	0	0.376193479	-0.370811976	-0.341509899	-3.45751603	0.644148862	3.11677724	0	0	0	0	0	3
40	82	0	0.385839466	-0.371033553	-0.34224799	-3.45751603	0.644148862	3.11677724	0	0	0	0	0	3
41	87	0	0.395485453	-0.365870719	-0.342824154	-3.45751603	0.644148862	3.11677724	0	0	0	0	0	3
42	90	0	0.405131439	-0.345150898	-0.342879553	-3.45751603	0.644148862	3.11677724	0	0	0	0	0	3
43	94	0	0.414777426	-0.305259322	-0.342004664	-3.45751603	0.644148862	3.11677724	0	0	0	0	0	3
44	98	0	0.424423413	-0.24030184	-0.339693236	-3.45751603	0.644148862	3.11782279	0	0	0	0	0	3
45	101	0	0.434069399	-0.213844986	-0.336896608	-3.45751603	0.644148862	3.12061942	0	0	0	0	0	3
46	105	0	0.443715386	-0.251668485	-0.335043823	-3.45751603	0.644148862	3.1224722	0	0	0	0	0	3
47	109	0	0.453361372	-0.252494829	-0.333287461	-3.45751603	0.644148862	3.12422857	0	0	0	0	0	3
48	112	0	0.463007359	-0.294259926	-0.332474388	-3.45751603	0.644148862	3.12504164	0	0	0	0	0	3
49	114	0	0.472653346	-0.344536028	-0.332720544	-3.45751603	0.644148862	3.12504164	0	0	0	0	0	3
50	114	0	0.482299332	-0.412511567	-0.334316364	-3.45751603	0.644148862	3.12504164	0	0	0	0	0	3
51	115	0	0.491945319	-0.503758464	-0.337638758	-3.45751603	0.644148862	3.12504164	0	0	0	0	0	3
52	115	0	0.501591306	-0.564280024	-0.341997244	-3.45751603	0.644148862	3.12504164	0	0	0	0	0	3
53	116	0	0.511237292	-0.632633268	-0.287672576	-3.34404791	0.644148862	3.11310939	0	0	0	0	0	3
54	117	0	0.520883279	-0.727570284	-0.237355698	-0.731630108	0.644148862	1.37577897	0	0	0	0	0	3
55	117	0	0.530529266	-0.800257635	-0.245513287	-0.800257635	0.644148862	1.4444065	0	0	0	0	0	3
56	118	0	0.540175252	-0.896872671	-0.258631176	-0.896872671	0.644148862	1.11228841	0	0	0	0	0	3
57	119	0	0.549821239	-1.01934843	-0.290621508	-1.01934843	0.231821807	0.889695724	0	0	0	0	0	3
58	119	0	0.559467226	-1.08058479	-0.311131062	-1.08058479	0.231821807	0.707400703	0	0	0	0	0	3
59	120	0	0.569113212	-1.12496439	-0.335630641	-1.12496439	0.231821807	0.560960009	0	0	0	0	0	3
60	123	0	0.578759199	-1.10716699	-0.36128326	-1.12496439	0.231821807	0.513556789	0	0	0	0	0	3
61	126	0	0.588405186	-1.06055316	-0.374530691	-1.12496439	0.231821807	0.470376556	0	0	0	0	0	3
62	132	0	0.598051172	-1.02950365	-0.388192104	-1.12496439	0.231821807	0.452376858	0	0	0	0	0	3
63	136	0	0.607697159	-1.02482336	-0.398903361	-1.12496439	0.231821807	0.452376858	0	0	0	0	0	3
64	141	0	0.617343145	-0.991669714	-0.403904122	-1.12496439	0.231821807	0.440716333	0	0	0	0	0	3
65	145	0	0.626989132	-1.03254796	-0.413411858	-1.12496439	0.231821807	0.438272725	0	0	0	0	0	3
66	148	0	0.636635119	-1.09856095	-0.422156077	-1.12496439	0.231821807	0.433854559	0	0	0	0	0	3
67	152	0	0.646281105	-1.12197975	-0.432014228	-1.12496439	0.231821807	0.421482586	0	0	0	0	0	3
68	156	0	0.655927092	-1.1091888	-0.444243653	-1.12496439	0.231821807	0.411695732	0	0	0	0	0	3
69	161	0	0.665573079	-1.03407065	-0.454659208	-1.12496439	0.231821807	0.385444257	0	0	0	0	0	3
70	165	0	0.675219065	-0.959506868	-0.469716554	-1.12496439	0.231821807	0.366704687	0	0	0	0	0	3
71	169	0	0.684865052	-0.925694897	-0.482388608	-1.12496439	0.231821807	0.339763415	0	0	0	0	0	3
72	172	0	0.694511039	-0.946459478	-0.499335233	-1.12496439	0.231821807	0.31763978	0	0	0	0	0	3
73	177	0	0.704157025	-0.949931469	-0.515439246	-1.12496439	0.231821807	0.292264471	0	0	0	0	0	3
74	182	0	0.713803012	-0.92778908	-0.533344062	-1.12496439	0.231821807	0.295988364	0	0	0	0	0	3
75	186	0	0.723448999	-0.915321774	-0.554019687	-1.12496439	0.231821807	0.316663989	0	0	0	0	0	3
76	189	0	0.733094985	-0.917836425	-0.574273919	-1.12496439	0.231821807	0.336918221	0	0	0	0	0	3
77	192	0	0.742740972	-0.955118459	-0.595084558	-1.12496439	0.231821807	0.35772886	0	0	0	0	0	3
78	195	0	0.752386959	-0.982217213	-0.618431463	-1.12496439	0.0418179985	0.381075764	0	0	0	0	0	3
79	195	0	0.762032945	-0.978134733	-0.638045938	-1.12496439	-0.0232976247	0.40069024	0	0	0	0	0	3
80	196	0	0.771678932	-1.04573089	-0.657425293	-1.12496439	-0.0232976247	0.420069594	0	0	0	0	0	3
81	197	0	0.781324918	-1.12966084	-0.678701508	-1.12966084	-0.025366693	0.44134581	0	0	0	0	0	3
82	197	0	0.790970905	-1.16548031	-0.70062677	-1.16548031	-0.0785446362	0.463271072	0	0	0	0	0	3
83	198	0	0.800616892	-1.20176235	-0.721695522	-1.20176235	-0.0785446362	0.484339824	0	0	0	0	0	3
84	198	0	0.810262878	-1.25167006	-0.744255626	-1.25167006	-0.194552585	0.506899928	0	0	0	0	0	3
85	199	0	0.819908865	-1.24392049	-0.764435779	-1.25167006	-0.213844986	0.52708008	0	0	0	0	0	3
86	200	0	0.829554852	-1.19508372	-0.782550741	-1.25167006	-0.213844986	0.545195042	0	0	0	0	0	3
87	200	0	0.839200838	-1.11495535	-0.798545905	-1.25167006	-0.213844986	0.561190207	0	0	0	0	0	3
88	201	0	0.848846825	-1.07759289	-0.813211058	-1.25167006	-0.213844986	0.575855359	0	0	0	0	0	3
89	202	0	0.858492812	-1.02505799	-0.826469197	-1.25167006	-0.213844986	0.589113499	0	0	0	0	0	3
90	202	0	0.868138798	-1.01995705	-0.83955695	-1.25167006	-0.213844986	0.602201252	0	0	0	0	0	3
91	203	0	0.877784785	-0.949801294	-0.85069136	-1.25167006	-0.213844986	0.613335662	0	0	0	0	0	3
92	204	0	0.887430772	-0.932768519	-0.861493956	-1.25167006	-0.213844986	0.624138257	0	0	0	0	0	3
93	204	0	0.897076758	-0.93218628	-0.87238464	-1.25167006	-0.213844986	0.635028941	0	0	0	0	0	3
94	205	0	0.906722745	-0.946695217	-0.8839528	-1.25167006	-0.213844986	0.646597101	0	0	0	0	0	3
95	206	0	0.916368732	-0.943745665	-0.896231383	-1.25167006	-0.213844986	0.658875685	0	0	0	0	0	3
96	206	0	0.926014718	-0.976651925	-0.910391962	-1.25167006	-0.213844986	0.673036263	0	0	0	0	0	3
97	207	0	0.935660705	-0.990396255	-0.92532564	-1.25167006	-0.251668485	0.687969941	0	0	0	0	0	3
98	208	0	0.945306691	-1.04293117	-0.94054223	-1.25167006	-0.252494829	0.703186532	0	0	0	0	0	3
99	209	0	0.954952678	-1.12678607	-0.957355523	-1.25167006	-0.294259926	0.719999825	0	0	0	0	0	3
100	210	0	0.964598665	-1.21315243	-0.975026533	-1.25167006	-0.344536028	0.737670834	0	0	0	0	0	3
101	213	0	0.974244651	-1.24618609	-0.992365957	-1.25167006	-0.412511567	0.755010259	0	0	0	0	0	3
102	214	0	0.983890638	-1.28914411	-1.00922428	-1.28914411	-0.503758464	0.771868577	0	0	0	0	0	3
103	215	0	0.993536625	-1.28511175	-1.0242503	-1.28914411	-0.564280024	0.724864083	0	0	0	0	0	3
104	216	0	1.00318261	-1.2795411	-1.03800532	-1.28914411	-0.632633268	0.656510839	0.0579987891	0	8.8	0	0	3
105	217	0	1.0128286	-1.25017001	-1.04988103	-1.28914411	-0.727570284	0.561573823	0.0579987891	0	10.3	0	0	3
106	218	0	1.02247458	-1.22064354	-1.05936321	-1.28914411	-0.800257635	0.488886472	0.0579987891	0	11.8	0	0	3
107	219	0	1.03212057	-1.18555316	-1.06677273	-1.28914411	-0.896872671	0.392271436	0.0579987891	0	14.7	0	0	3
108	220	0	1.04176656	-1.13151051	-1.071285	-1.28914411	-0.915321774	0.373822334	0.0579987891	0	15.5	0	0	3
109	221	0	1.05141254	-1.11116296	-1.07305066	-1.28914411	-0.915321774	0.373822334	0.0579987891	0	15.5	0	0	3
110	222	0	1.06105853	-1.12004412	-1.0738095	-1.28914411	-0.915321774	0.373822334	0.0579987891	0	15.5	0	0	3
111	223	0	1.07070452	-1.16853665	-1.07464743	-1.28914411	-0.915321774	0.373822334	0.0579987891	0	15.5	0	0	3
112	224	0	1.0803505	-1.15980137	-1.07565963	-1.28914411	-0.915321774	0.373822334	0.0579987891	0	15.5	0	0	3
113	224	0	1.08999649	-1.16509162	-1.07766998	-1.28914411	-0.915321774	0.373822334	0.0579987891	0	15.5	0	0	3
114	225	0	1.09964248	-1.16222623	-1.08022234	-1.28914411	-0.915321774	0.373822334	0.0579987891	0	15.5	0	0	3
115	225	0	1.10928846	-1.16399115	-1.08289864	-1.28914411	-0.915321774	0.373822334	0.0579987891	0	15.5	0	0	3
116	226	0	1.11893445	-1.15432676	-1.08602666	-1.28914411	-0.915321774	0.373822334	0.0579987891	0	15.5	0	0	3
117	227	0	1.12858044	-1.16238787	-1.08852358	-1.28914411	-0.915321774	0.373822334	0.0579987891	0	15.5	0	0	3
118	227	0	1.13822642	-1.16990482	-1.08989558	-1.28914411	-0.915321774	0.373822334	0.0579987891	0	15.5	0	0	3
119	228	0	1.14787241	-1.2533825	-1.09242256	-1.28914411	-0.915321774	0.373822334	0.0579987891	0	15.5	0	0	3
120	229	0	1.1575184	-1.26378785	-1.09539561	-1.28914411	-0.915321774	0.373822334	0.0579987891	0	15.5	0	0	3
121	229	0	1.16716438	-1.2818639	-1.10016087	-1.28914411	-0.915321774	0.373822334	0.0579987891	0	15.5	0	0	3
122	230	0	1.17681037	-1.29101388	-1.106536	-1.29101388	-0.915321774	0.375692109	0.0579987891	0	15.4	0	0	3
123	231	0	1.18645636	-1.2822	-1.11339187	-1.29101388	-0.915321774	0.375692109	0.0579987891	0	15.4	0	0	3
124	231	0	1.19610234	-1.23171745	-1.1188776	-1.29101388	-0.915321774	0.375692109	0.0579987891	0	15.4	0	0	3
125	232	0	1.20574833	-1.19113537	-1.12351614	-1.29101388	-0.915321774	0.375692109	0.0579987891	0	15.4	0	0	3
126	233	0	1.21539432	-1.17791364	-1.12832623	-1.29101388	-0.915321774	0.375692109	0.0579987891	0	15.4	0	0	3
127	233	0	1.2250403	-1.12138689	-1.13228902	-1.29101388	-0.917836425	0.373177458	0.0579987891	0	15.5	0	0	3
128	234	0	1.23468629	-1.08815836	-1.13556444	-1.29101388	-0.93218628	0.358827602	0.0579987891	0	16.1	0	0	3
129	234	0	1.24433228	-1.03820966	-1.13716235	-1.29101388	-0.93218628	0.358827602	0.0579987891	0	16.1	0	0	3
130	235	0	1.25397826	-0.944647615	-1.13643985	-1.29101388	-0.93218628	0.358827602	0.0579987891	0	16.1	0	0	3
131	236	0	1.26362425	-0.897518873	-1.13488955	-1.29101388	-0.897518873	0.39349501	0.0579987891	0	14.7	0	0	3
132	236	0	1.27327024	-0.872388265	-1.13155604	-1.29101388	-0.872388265	0.418625617	0.0579987891	0	13.8	0	0	3
133	237	0	1.28291622	-0.853195362	-1.12623939	-1.29101388	-0.853195362	0.436535576	0.0579987891	0	13.2	0	0	3
134	238	0	1.29256221	-0.878999176	-1.12073014	-1.29101388	-0.853195362	0.415466824	0.0579987891	0	13.9	0	0	3
135	238	0	1.3022082	-0.919764867	-1.11530711	-1.29101388	-0.853195362	0.39290672	0.0579987891	0	14.7	0	0	3
136	239	0	1.31185418	-0.992616199	-1.11032531	-1.29101388	-0.853195362	0.372726568	0.0579987891	0	15.5	0	0	3
137	240	0	1.32150017	-1.07929268	-1.10715939	-1.29101388	-0.853195362	0.354611606	0.0579987891	0	16.3	0	0	3
138	240	0	1.33114616	-1.17058051	-1.10668817	-1.29101388	-0.853195362	0.338616441	0.0579987891	0	17.1	0	0	3
139	241	0	1.34079214	-1.23393846	-1.10897631	-1.29101388	-0.853195362	0.323951289	0.0579987891	0	17.9	0	0	3
140	242	0	1.35043813	-1.30803745	-1.11340794	-1.30803745	-0.853195362	0.310693149	0.0579987891	0	18.6	0	0	3
141	242	0	1.36008412	-1.38036144	-1.12024069	-1.38036144	-0.853195362	0.297605396	0.0579987891	0	19.4	0	0	3
142	243	0	1.3697301	-1.41396822	-1.12781783	-1.41396822	-0.853195362	0.286470986	0.0579987891	0	20.2	0	0	3
143	244	0	1.37937609	-1.41085232	-1.1366842	-1.41396822	-0.853195362	0.275668391	0.0579987891	0	21	0	0	3
144	244	0	1.38902208	-1.40545665	-1.14577435	-1.41396822	-0.853195362	0.273389714	0.0579987891	0	21.2	0	0	3
145	245	0	1.39866806	-1.41739614	-1.15510531	-1.41739614	-0.853195362	0.271152513	0.0579987891	0	21.3	0	0	3
146	245	0	1.40831405	-1.3980968	-1.16378611	-1.41739614	-0.853195362	0.26755473	0.0579987891	0	21.6	0	0	3
147	246	0	1.41796004	-1.33845156	-1.17137661	-1.41739614	-0.853195362	0.260984649	0.0579987891	0	22.2	0	0	3
148	247	0	1.42760602	-1.25810695	-1.17678921	-1.41739614	-0.853195362	0.251463567	0.0579987891	0	23	0	0	3
149	247	0	1.43725201	-1.17357832	-1.18031194	-1.41739614	-0.853195362	0.239769709	0.0579987891	0	24.1	0	0	3
150	248	0	1.446898	-1.09353331	-1.18128506	-1.41739614	-0.853195362	0.223929534	0.0579987891	0	25.9	0	0	3
151	249	0	1.45654398	-0.999589608	-1.17883897	-1.41739614	-0.853195362	0.206258524	0.0579987891	0	28.1	0	0	3
152	249	0	1.46618997	-0.962343092	-1.17401571	-1.41739614	-0.853195362	0.1889191	0.0579987891	0	30.7	0	0	3
153	250	0	1.47583596	-0.971932608	-1.16874161	-1.41739614	-0.853195362	0.172060782	0.0579987891	0	33.7	0	0	3
154	250	0	1.48548194	-0.973269601	-1.1626671	-1.41739614	-0.853195362	0.157034757	0.0579987891	0	36.9	0	0	3
155	251	0	1.49512793	-1.03055502	-1.15777178	-1.41739614	-0.853195362	0.143279737	0.0579987891	0	40.4	0	0	3
156	252	0	1.50477392	-1.13499085	-1.15499197	-1.41739614	-0.853195362	0.13140403	0.0579987891	0	44.1	0	0	3
157	252	0	1.5144199	-1.23458717	-1.1546923	-1.41739614	-0.853195362	0.121921852	0.0579987891	0	47.5	0	0	3
158	253	0	1.52406589	-1.31190395	-1.1564473	-1.41739614	-0.853195362	0.114512323	0.0579987891	0	50.6	0	0	3
159	253	0	1.53371188	-1.3854328	-1.16029114	-1.41739614	-0.853195362	0.110000056	0.0579987891	0	52.7	0	0	3
160	254	0	1.54335786	-1.43789765	-1.1661832	-1.43789765	-0.853195362	0.108234393	0.0579987891	0	53.5	0	0	3
161	255	0	1.55300385	-1.46388514	-1.17296632	-1.46388514	-0.853195362	0.107475559	0.0579987891	0	53.9	0	0	3
162	255	0	1.56264984	-1.44864507	-1.17928557	-1.46388514	-0.853195362	0.106637631	0.0579987891	0	54.3	0	0	3
163	256	0	1.57229582	-1.40917139	-1.18391316	-1.46388514	-0.853195362	0.108253536	0.0579987891	0	53.5	0	0	3
164	256	0	1.58194181	-1.38246022	-1.18819506	-1.46388514	-0.853195362	0.110525082	0.0579987891	0	52.4	0	0	3
165	257	0	1.5915878	-1.36771049	-1.19209158	-1.46388514	-0.853195362	0.111869242	0.0579987891	0	51.8	0	0	3
166	258	0	1.60123378	-1.32731511	-1.19526637	-1.46388514	-0.853195362	0.112367724	0.0579987891	0	51.6	0	0	3
167	258	0	1.61087977	-1.30545709	-1.19798686	-1.46388514	-0.853195362	0.111960203	0.0579987891	0	51.8	0	0	3
168	259	0	1.62052576	-1.2822503	-1.20044693	-1.46388514	-0.853195362	0.11192335	0.0579987891	0	51.8	0	0	3
169	259	0	1.63017174	-1.25782573	-1.20228228	-1.46388514	-0.853195362	0.112386696	0.0579987891	0	51.6	0	0	3
170	260	0	1.63981773	-1.1915539	-1.20269861	-1.46388514	-0.853195362	0.110276049	0.0579987891	0	52.5	0	0	3
171	261	0	1.64946372	-1.12739765	-1.20027582	-1.46388514	-0.853195362	0.10730299	0.0579987891	0	54	0	0	3
172	262	0	1.6591097	-1.00586222	-1.19531571	-1.46388514	-0.853195362	0.102537736	0.0579987891	0	56.5	0	0	3
173	262	0	1.66875569	-0.900915145	-1.18798977	-1.46388514	-0.853195362	0.0961626007	0.0579987891	0	60.3	0	0	3
174	263	0	1.67840168	-0.842666852	-1.17936772	-1.46388514	-0.842666852	0.096010433	0.0579987891	0	60.4	0	0	3
175	264	0	1.68804766	-0.834690962	-1.17076177	-1.46388514	-0.834690962	0.096010433	0.0579987891	0	60.4	0	0	3
176	265	0	1.69769365	-0.813140537	-1.16271222	-1.46388514	-0.813140537	0.096010433	0.0579987891	0	60.4	0	0	3
177	266	0	1.70733964	-0.842636806	-1.15601032	-1.46388514	-0.813140537	0.096010433	0.0579987891	0	60.4	0	0	3
178	266	0	1.71698562	-0.866029365	-1.15001255	-1.46388514	-0.813140537	0.096010433	0.0579987891	0	60.4	0	0	3
179	267	0	1.72663161	-0.94874799	-1.14669257	-1.46388514	-0.813140537	0.096010433	0.0579987891	0	60.4	0	0	3
180	268	0	1.7362776	-1.06092438	-1.14616884	-1.46388514	-0.813140537	0.096010433	0.0579987891	0	60.4	0	0	3
181	269	0	1.74592358	-1.1268214	-1.14787291	-1.46388514	-0.813140537	0.096010433	0.0579987891	0	60.4	0	0	3
182	270	0	1.75556957	-1.1678561	-1.15216538	-1.46388514	-0.813140537	0.096010433	0.0579987891	0	60.4	0	0	3
183	271	0	1.76521556	-1.26522508	-1.15923665	-1.46388514	-0.813140537	0.096010433	0.0579987891	0	60.4	0	0	3
184	272	0	1.77486154	-1.39270219	-1.16924269	-1.46388514	-0.813140537	0.096010433	0.0579987891	0	60.4	0	0	3
185	272	0	1.78450753	-1.49485786	-1.18158235	-1.49485786	-0.813140537	0.096010433	0.0579987891	0	60.4	0	0	3
186	273	0	1.79415352	-1.57536827	-1.19497407	-1.57536827	-0.813140537	0.096010433	0.0579987891	0	60.4	0	0	3
187	274	0	1.8037995	-1.62923168	-1.20861766	-1.62923168	-0.813140537	0.101929487	0.0579987891	0	56.9	0	0	3
188	275	0	1.81344549	-1.67337887	-1.22170925	-1.67337887	-0.813140537	0.115021077	0.0579987891	0	50.4	0	0	3
189	276	0	1.82309148	-1.68359586	-1.23333046	-1.68359586	-0.813140537	0.126642292	0.0579987891	0	45.7	0	0	3
190	276	0	1.83273746	-1.63966291	-1.24235128	-1.68359586	-0.813140537	0.133374971	0.0579987891	0	43.4	0	0	3
191	277	0	1.84238345	-1.5771743	-1.24895197	-1.68359586	-0.813140537	0.135544034	0.0579987891	0	42.7	0	0	3
192	278	0	1.85202944	-1.48800358	-1.25241286	-1.68359586	-0.813140537	0.132172163	0.0579987891	0	43.8	0	0	3
193	278	0	1.86167542	-1.41559864	-1.25309049	-1.68359586	-0.813140537	0.125272663	0.0579987891	0	46.2	0	0	3
194	279	0	1.87132141	-1.37228737	-1.25228894	-1.68359586	-0.813140537	0.116406297	0.0579987891	0	49.8	0	0	3
195	279	0	1.8809674	-1.35478714	-1.25121076	-1.68359586	-0.813140537	0.107316141	0.0579987891	0	54	0	0	3
196	280	0	1.89061338	-1.37038181	-1.25053625	-1.68359586	-0.813140537	0.106921657	0.0579987891	0	54.2	0	0	3
197	281	0	1.90025937	-1.36077194	-1.24944732	-1.68359586	-0.813140537	0.106921657	0.0579987891	0	54.2	0	0	3
198	281	0	1.90990536	-1.34412953	-1.24840949	-1.68359586	-0.813140537	0.106921657	0.0579987891	0	54.2	0	0	3
199	282	0	1.91955134	-1.31415666	-1.24794228	-1.68359586	-0.813140537	0.106921657	0.0579987891	0	54.2	0	0	3
200	282	0	1.92919733	-1.30704264	-1.24888335	-1.68359586	-0.813140537	0.106921657	0.0579987891	0	54.2	0	0	3
201	286	0	1.93884332	-1.28750095	-1.25107417	-1.68359586	-0.813140537	0.106921657	0.0579987891	0	54.2	0	0	3
202	286	0	1.9484893	-1.23137298	-1.25372493	-1.68359586	-0.813140537	0.107556095	0.0579987891	0	53.9	0	0	3
203	287	0	1.95813529	-1.18509986	-1.25729244	-1.68359586	-0.813140537	0.1111236	0.0579987891	0	52.1	0	0	3
204	288	0	1.96778128	-1.2233011	-1.26231086	-1.68359586	-0.813140537	0.116142023	0.0579987891	0	49.9	0	0	3
205	288	0	1.97742726	-1.26126804	-1.267875	-1.68359586	-0.813140537	0.121706166	0.0579987891	0	47.6	0	0	3
206	289	0	1.98707325	-1.28908322	-1.27394834	-1.68359586	-0.813140537	0.127779505	0.0579987891	0	45.3	0	0	3
207	290	0	1.99671924	-1.33714738	-1.27984435	-1.68359586	-0.813140537	0.133675512	0.0579987891	0	43.3	0	0	3
208	290	0	2.00636522	-1.36218737	-1.28421351	-1.68359586	-0.813140537	0.138044676	0.0579987891	0	42	0	0	3
209	291	0	2.01601121	-1.38839906	-1.28717143	-1.68359586	-0.813140537	0.141002597	0.0579987891	0	41.1	0	0	3
210	291	0	2.0256572	-1.39526872	-1.2887746	-1.68359586	-0.813140537	0.142605765	0.0579987891	0	40.6	0	0	3
211	292	0	2.03530318	-1.33357445	-1.28777733	-1.68359586	-0.813140537	0.142605765	0.0579987891	0	40.6	0	0	3
212	293	0	2.04494917	-1.24768404	-1.28411937	-1.68359586	-0.813140537	0.142605765	0.0579987891	0	40.6	0	0	3
213	293	0	2.05459516	-1.19859295	-1.2790176	-1.68359586	-0.813140537	0.142605765	0.0579987891	0	40.6	0	0	3
214	294	0	2.06424114	-1.12824291	-1.27285602	-1.68359586	-0.813140537	0.142605765	0.0579987891	0	40.6	0	0	3
215	294	0	2.07388713	-1.07413965	-1.2664131	-1.68359586	-0.813140537	0.142605765	0.0579987891	0	40.6	0	0	3
216	295	0	2.08353312	-0.990987979	-1.25888479	-1.68359586	-0.813140537	0.142605765	0.0579987891	0	40.6	0	0	3
217	296	0	2.0931791	-0.952266562	-1.25089548	-1.68359586	-0.813140537	0.142605765	0.0579987891	0	40.6	0	0	3
218	296	0	2.10282509	-0.932775205	-1.24330818	-1.68359586	-0.813140537	0.142605765	0.0579987891	0	40.6	0	0	3
219	297	0	2.11247108	-0.940159863	-1.23628323	-1.68359586	-0.813140537	0.142605765	0.0579987891	0	40.6	0	0	3
220	297	0	2.12211706	-0.956751119	-1.23002363	-1.68359586	-0.813140537	0.142605765	0.0579987891	0	40.6	0	0	3
221	298	0	2.13176305	-0.957796064	-1.22425383	-1.68359586	-0.813140537	0.142605765	0.0579987891	0	40.6	0	0	3
222	299	0	2.14140904	-0.984573971	-1.22027345	-1.68359586	-0.813140537	0.142605765	0.0579987891	0	40.6	0	0	3
223	299	0	2.15105502	-1.0348062	-1.21849284	-1.68359586	-0.813140537	0.142605765	0.0579987891	0	40.6	0	0	3
224	300	0	2.16070101	-1.1570987	-1.22140123	-1.68359586	-0.813140537	0.142605765	0.0579987891	0	40.6	0	0	3
225	301	0	2.170347	-1.23933527	-1.22790931	-1.68359586	-0.813140537	0.142605765	0.0579987891	0	40.6	0	0	3
226	301	0	2.17999298	-1.36258594	-1.23790776	-1.68359586	-0.813140537	0.142605765	0.0579987891	0	40.6	0	0	3
227	302	0	2.18963897	-1.42823891	-1.24932214	-1.68359586	-0.813140537	0.142605765	0.0579987891	0	40.6	0	0	3
228	303	0	2.19928496	-1.44823523	-1.2615355	-1.68359586	-0.842636806	0.142605765	0.0579987891	0	40.6	0	0	3
229	303	0	2.20893094	-1.42155138	-1.27266847	-1.68359586	-0.866029365	0.142605765	0.0579987891	0	40.6	0	0	3
230	304	0	2.21857693	-1.4141381	-1.28320903	-1.68359586	-0.932775205	0.142605765	0.0579987891	0	40.6	0	0	3
231	304	0	2.22822292	-1.40488505	-1.29198089	-1.68359586	-0.932775205	0.145812055	0.0579987891	0	39.7	0	0	3
232	305	0	2.2378689	-1.38820949	-1.29827484	-1.68359586	-0.932775205	0.150401928	0.0579987891	0	38.5	0	0	3
233	306	0	2.24751489	-1.39672171	-1.30346523	-1.68359586	-0.932775205	0.151299848	0.0579987891	0	38.3	0	0	3
234	306	0	2.25716088	-1.40166689	-1.30796159	-1.68359586	-0.932775205	0.148724936	0.0579987891	0	38.9	0	0	3
235	307	0	2.26680686	-1.48632559	-1.31221352	-1.68359586	-0.932775205	0.142970832	0.0579987891	0	40.5	0	0	3
236	307	0	2.27645285	-1.55595734	-1.31535304	-1.68359586	-0.932775205	0.133770691	0.0579987891	0	43.3	0	0	3
237	308	0	2.28609884	-1.62791996	-1.31791193	-1.68359586	-0.932775205	0.122937864	0.0579987891	0	47.1	0	0	3
238	309	0	2.29574482	-1.65509384	-1.31944511	-1.68359586	-0.932775205	0.110827455	0.0579987891	0	52.3	0	0	3
239	309	0	2.30539081	-1.71137816	-1.32102485	-1.71137816	-0.932775205	0.102532014	0.0579987891	0	56.5	0	0	3
240	310	0	2.3150368	-1.74276013	-1.32235911	-1.74276013	-0.932775205	0.103866269	0.0579987891	0	55.8	0	0	3
241	311	0	2.32468278	-1.73659779	-1.32337838	-1.74276013	-0.932775205	0.104885537	0.0579987891	0	55.2	0	0	3
242	311	0	2.33432877	-1.70583067	-1.32465083	-1.74276013	-0.932775205	0.106157994	0.0579987891	0	54.6	0	0	3
243	312	0	2.34397476	-1.67779589	-1.32658587	-1.74276013	-0.932775205	0.108093024	0.0579987891	0	53.6	0	0	3
244	312	0	2.35362074	-1.61912919	-1.32910751	-1.74276013	-0.932775205	0.11061467	0.0579987891	0	52.4	0	0	3
245	313	0	2.36326673	-1.49807982	-1.33069369	-1.74276013	-0.932775205	0.112200847	0.0579987891	0	51.6	0	0	3
246	314	0	2.37291272	-1.3972272	-1.3311733	-1.74276013	-0.932775205	0.112680459	0.0579987891	0	51.4	0	0	3
247	314	0	2.3825587	-1.29589254	-1.33004071	-1.74276013	-0.932775205	0.112680459	0.0579987891	0	51.4	0	0	3
248	315	0	2.39220469	-1.26008611	-1.32791964	-1.74276013	-0.932775205	0.112680459	0.0579987891	0	51.4	0	0	3
249	315	0	2.40185068	-1.25105382	-1.32580968	-1.74276013	-0.932775205	0.112680459	0.0579987891	0	51.4	0	0	3
250	316	0	2.41149666	-1.23213191	-1.32365588	-1.74276013	-0.932775205	0.112680459	0.0579987891	0	51.4	0	0	3
251	317	0	2.42114265	-1.16198224	-1.32072944	-1.74276013	-0.932775205	0.112680459	0.0579987891	0	51.4	0	0	3
252	317	0	2.43078864	-1.07872356	-1.31633869	-1.74276013	-0.932775205	0.112680459	0.0579987891	0	51.4	0	0	3
253	318	0	2.44043462	-0.975916357	-1.31034668	-1.74276013	-0.932775205	0.112680459	0.0579987891	0	51.4	0	0	3
254	319	0	2.45008061	-0.955898672	-1.3050491	-1.74276013	-0.932775205	0.112680459	0.0579987891	0	51.4	0	0	3
255	319	0	2.4597266	-1.00630625	-1.30161076	-1.74276013	-0.932775205	0.112680459	0.0579987891	0	51.4	0	0	3
256	320	0	2.46937258	-1.03516606	-1.29799278	-1.74276013	-0.932775205	0.112680459	0.0579987891	0	51.4	0	0	3
257	320	0	2.47901857	-1.07829911	-1.29447415	-1.74276013	-0.932775205	0.112680459	0.0579987891	0	51.4	0	0	3
258	321	0	2.48866456	-1.10440054	-1.29092256	-1.74276013	-0.932775205	0.112680459	0.0579987891	0	51.4	0	0	3
259	322	0	2.49831054	-1.11974353	-1.28674171	-1.74276013	-0.932775205	0.112680459	0.0579987891	0	51.4	0	0	3
260	322	0	2.50795653	-1.16407829	-1.28293192	-1.74276013	-0.932775205	0.112680459	0.0579987891	0	51.4	0	0	3
261	323	0	2.51760252	-1.19649172	-1.2792414	-1.74276013	-0.932775205	0.112680459	0.0579987891	0	51.4	0	0	3
262	324	0	2.5272485	-1.2258442	-1.27598323	-1.74276013	-0.932775205	0.112680459	0.0579987891	0	51.4	0	0	3
263	324	0	2.53689449	-1.23331219	-1.27405511	-1.74276013	-0.932775205	0.112680459	0.0579987891	0	51.4	0	0	3
264	325	0	2.54654048	-1.24891372	-1.27407876	-1.74276013	-0.932775205	0.112680459	0.0579987891	0	51.4	0	0	3
265	326	0	2.55618646	-1.26397507	-1.27533611	-1.74276013	-0.932775205	0.112680459	0.0579987891	0	51.4	0	0	3
266	326	0	2.56583245	-1.27204437	-1.27810152	-1.74276013	-0.932775205	0.112680459	0.0579987891	0	51.4	0	0	3
267	327	0	2.57547843	-1.2633452	-1.28174009	-1.74276013	-0.932775205	0.112680459	0.0579987891	0	51.4	0	0	3
268	327	0	2.58512442	-1.26493347	-1.28700827	-1.74276013	-0.932775205	0.112680459	0.0579987891	0	51.4	0	0	3
269	328	0	2.59477041	-1.28021391	-1.29331495	-1.74276013	-0.932775205	0.112680459	0.0579987891	0	51.4	0	0	3
270	329	0	2.60441639	-1.3038172	-1.30045037	-1.74276013	-0.940159863	0.112680459	0.0579987891	0	51.4	0	0	3
271	329	0	2.61406238	-1.30254462	-1.30741931	-1.74276013	-0.955898672	0.112680459	0.0579987891	0	51.4	0	0	3
272	330	0	2.62370837	-1.26574163	-1.31336144	-1.74276013	-0.955898672	0.112680459	0.0579987891	0	51.4	0	0	3
273	330	0	2.63335435	-1.23828082	-1.31875538	-1.74276013	-0.955898672	0.112680459	0.0579987891	0	51.4	0	0	3
274	331	0	2.64300034	-1.22756939	-1.32342836	-1.74276013	-0.955898672	0.112680459	0.0579987891	0	51.4	0	0	3
275	332	0	2.65264633	-1.2455172	-1.3274805	-1.74276013	-0.955898672	0.109772065	0.0579987891	0	52.8	0	0	3
276	332	0	2.66229231	-1.28075264	-1.32985846	-1.74276013	-0.955898672	0.103263986	0.0579987891	0	56.1	0	0	3
277	333	0	2.6719383	-1.31517198	-1.33131686	-1.74276013	-0.955898672	0.0934090991	0.0579987891	0	62	0	0	3
278	334	0	2.68158429	-1.35448091	-1.33116099	-1.74276013	-0.955898672	0.0819947155	0.0579987891	0	70.7	0	0	3
279	334	0	2.69123027	-1.40365888	-1.3306883	-1.74276013	-0.955898672	0.069781356	0.0579987891	0	83.1	0	0	3
280	335	0	2.70087626	-1.48348327	-1.33136615	-1.74276013	-0.955898672	0.0586976716	0.0579987891	0	98.8	0	0	3
281	335	0	2.71052225	-1.54334102	-1.33370825	-1.74276013	-0.955898672	0.0596531414	0.0579987891	0	97.2	0	0	3
282	336	0	2.72016823	-1.55253469	-1.33636973	-1.74276013	-0.955898672	0.0623146143	0.0579987891	0	93	0	0	3
283	337	0	2.72981422	-1.56562697	-1.33946092	-1.74276013	-0.955898672	0.0654058052	0.0579987891	0	88.6	0	0	3
284	337	0	2.73946021	-1.56544403	-1.34286927	-1.74276013	-0.955898672	0.0688141618	0.0579987891	0	84.2	0	0	3
285	338	0	2.74910619	-1.54607271	-1.34574141	-1.74276013	-0.955898672	0.0716862964	0.0579987891	0	80.9	0	0	3
286	339	0	2.75875218	-1.49781212	-1.34759036	-1.74276013	-0.955898672	0.0735352431	0.0579987891	0	78.8	0	0	3
287	339	0	2.76839817	-1.45259929	-1.34694177	-1.74276013	-0.955898672	0.0735352431	0.0579987891	0	78.8	0	0	3
288	340	0	2.77804415	-1.44018005	-1.34471529	-1.74276013	-0.955898672	0.0735352431	0.0579987891	0	78.8	0	0	3
289	340	0	2.78769014	-1.42286022	-1.34077183	-1.74276013	-0.955898672	0.0735352431	0.0579987891	0	78.8	0	0	3
290	341	0	2.79733613	-1.4107213	-1.33607236	-1.74276013	-0.955898672	0.0735352431	0.0579987891	0	78.8	0	0	3
291	342	0	2.80698211	-1.40765042	-1.33023144	-1.74276013	-0.955898672	0.0735352431	0.0579987891	0	78.8	0	0	3
292	342	0	2.8166281	-1.41917185	-1.32400859	-1.73659779	-0.955898672	0.0735352431	0.0579987891	0	78.8	0	0	3
293	343	0	2.82627409	-1.4125597	-1.31777709	-1.70583067	-0.955898672	0.0735352431	0.0579987891	0	78.8	0	0	3
294	344	0	2.83592007	-1.40421374	-1.31197676	-1.67779589	-0.955898672	0.0735352431	0.0579987891	0	78.8	0	0	3
295	344	0	2.84556606	-1.46047862	-1.30779758	-1.61912919	-0.955898672	0.0735352431	0.0579987891	0	78.8	0	0	3
296	345	0	2.85521205	-1.52510837	-1.30598949	-1.56562697	-0.955898672	0.0735352431	0.0579987891	0	78.8	0	0	3
297	345	0	2.86485803	-1.56046377	-1.30718918	-1.56562697	-0.955898672	0.0735352431	0.0579987891	0	78.8	0	0	3
298	346	0	2.87450402	-1.59687833	-1.31102863	-1.59687833	-0.955898672	0.0735352431	0.0579987891	0	78.8	0	0	3
299	347	0	2.88415001	-1.62491244	-1.31735593	-1.62491244	-0.955898672	0.0735352431	0.0579987891	0	78.8	0	0	3
300	347	0	2.89379599	-1.65037289	-1.32486145	-1.65037289	-0.955898672	0.0735352431	0.0579987891	0	78.8	0	0	3
301	350	0	2.90344198	-1.65029008	-1.33253907	-1.65037289	-0.955898672	0.0735352431	0.0579987891	0	78.8	0	0	3
302	351	0	2.91308797	-1.58775059	-1.33937789	-1.65037289	-0.955898672	0.0735352431	0.0579987891	0	78.8	0	0	3
303	352	0	2.92273395	-1.54067328	-1.34666041	-1.65037289	-0.955898672	0.0735352431	0.0579987891	0	78.8	0	0	3
304	352	0	2.93237994	-1.50075625	-1.35477642	-1.65037289	-0.955898672	0.0807213099	0.0579987891	0	71.8	0	0	3
305	353	0	2.94202593	-1.48456379	-1.3645581	-1.65037289	-0.955898672	0.0905029913	0.0579987891	0	64	0	0	3
306	353	0	2.95167191	-1.44135527	-1.37389381	-1.65037289	-1.00630625	0.0998386951	0.0579987891	0	58	0	0	3
307	354	0	2.9613179	-1.39215382	-1.38131395	-1.65037289	-1.03516606	0.107258841	0.0579987891	0	54	0	0	3
308	355	0	2.97096389	-1.37608817	-1.38787015	-1.65037289	-1.07829911	0.113815035	0.0579987891	0	50.9	0	0	3
309	355	0	2.98060987	-1.33684965	-1.39284227	-1.65037289	-1.10440054	0.118787161	0.0579987891	0	48.8	0	0	3
310	356	0	2.99025586	-1.2700115	-1.3960271	-1.65037289	-1.11974353	0.121971987	0.0579987891	0	47.5	0	0	3
311	356	0	2.99990185	-1.21505569	-1.39786003	-1.65037289	-1.16407829	0.123804913	0.0579987891	0	46.8	0	0	3
312	357	0	3.00954783	-1.11555611	-1.39692691	-1.65037289	-1.11555611	0.123804913	0.0579987891	0	46.8	0	0	3
313	358	0	3.01919382	-1.06913834	-1.3944778	-1.65037289	-1.06913834	0.123804913	0.0579987891	0	46.8	0	0	3
314	358	0	3.02883981	-1.09894466	-1.39203743	-1.65037289	-1.06913834	0.123804913	0.0579987891	0	46.8	0	0	3
315	359	0	3.03848579	-1.11527792	-1.38976754	-1.65037289	-1.06913834	0.123781265	0.0579987891	0	46.8	0	0	3
316	360	0	3.04813178	-1.08837233	-1.3866802	-1.65037289	-1.06913834	0.122523917	0.0579987891	0	47.3	0	0	3
317	360	0	3.05777777	-1.0996638	-1.38352037	-1.65037289	-1.06913834	0.119758504	0.0579987891	0	48.4	0	0	3
318	361	0	3.06742375	-1.07081326	-1.37965054	-1.65037289	-1.06913834	0.116119936	0.0579987891	0	49.9	0	0	3
319	361	0	3.07706974	-1.04901511	-1.37552881	-1.65037289	-1.04901511	0.110851753	0.0579987891	0	52.3	0	0	3
320	362	0	3.08671573	-1.04711646	-1.37134002	-1.65037289	-1.04711646	0.104545074	0.0579987891	0	55.4	0	0	3
321	363	0	3.09636171	-1.05397215	-1.36698922	-1.65037289	-1.04711646	0.0974096507	0.0579987891	0	59.5	0	0	3
322	363	0	3.1060077	-1.07208524	-1.36253283	-1.65037289	-1.04711646	0.0918705352	0.0579987891	0	63.1	0	0	3
323	364	0	3.11565369	-1.1395533	-1.35939839	-1.65037289	-1.04711646	0.0918705352	0.0579987891	0	63.1	0	0	3
324	365	0	3.12529967	-1.19637735	-1.35806446	-1.65037289	-1.04711646	0.0918705352	0.0579987891	0	63.1	0	0	3
325	365	0	3.13494566	-1.21686318	-1.35765258	-1.65037289	-1.04711646	0.0918705352	0.0579987891	0	63.1	0	0	3
326	366	0	3.14459165	-1.26368031	-1.35834702	-1.65037289	-1.04711646	0.0918705352	0.0579987891	0	63.1	0	0	3
327	366	0	3.15423763	-1.30394676	-1.35947067	-1.65037289	-1.04711646	0.0918705352	0.0579987891	0	63.1	0	0	3
328	367	0	3.16388362	-1.34079711	-1.36062537	-1.65037289	-1.04711646	0.0918705352	0.0579987891	0	63.1	0	0	3
329	368	0	3.17352961	-1.34096085	-1.36112131	-1.65037289	-1.04711646	0.0918705352	0.0579987891	0	63.1	0	0	3
330	368	0	3.18317559	-1.32552088	-1.36056438	-1.65037289	-1.04711646	0.0918705352	0.0579987891	0	63.1	0	0	3
331	369	0	3.19282158	-1.27998051	-1.35818595	-1.65037289	-1.04711646	0.0918705352	0.0579987891	0	63.1	0	0	3
332	370	0	3.20246757	-1.24014425	-1.35350636	-1.65037289	-1.04711646	0.0918705352	0.0579987891	0	63.1	0	0	3
333	370	0	3.21211355	-1.16208253	-1.34617446	-1.65037289	-1.04711646	0.0918705352	0.0579987891	0	63.1	0	0	3
334	371	0	3.22175954	-1.07585684	-1.33700758	-1.65037289	-1.04711646	0.0918705352	0.0579987891	0	63.1	0	0	3
335	371	0	3.23140553	-1.01627269	-1.32644308	-1.65037289	-1.01627269	0.0918705352	0.0579987891	0	63.1	0	0	3
336	372	0	3.24105151	-0.930769381	-1.31423779	-1.65037289	-0.930769381	0.0918705352	0.0579987891	0	63.1	0	0	3
337	373	0	3.2506975	-0.851493627	-1.3008805	-1.65037289	-0.851493627	0.096979522	0.0579987891	0	59.8	0	0	3
338	373	0	3.26034349	-0.759354394	-1.28667939	-1.65037289	-0.759354394	0.111180632	0.0579987891	0	52.1	0	0	3
339	374	0	3.26998947	-0.718260118	-1.27255749	-1.65037289	-0.718260118	0.125302539	0.0579987891	0	46.2	0	0	3
340	375	0	3.27963546	-0.665002801	-1.25765023	-1.65037289	-0.665002801	0.140209794	0.0579987891	0	41.3	0	0	3
341	375	0	3.28928145	-0.729172935	-1.24431009	-1.65037289	-0.665002801	0.153549934	0.0579987891	0	37.7	0	0	3
342	376	0	3.29892743	-0.783094164	-1.23224034	-1.65037289	-0.665002801	0.165619687	0.0579987891	0	35	0	0	3
343	376	0	3.30857342	-0.916333678	-1.22279194	-1.65037289	-0.665002801	0.175068086	0.0579987891	0	33.1	0	0	3
344	377	0	3.31821941	-1.01079734	-1.21493858	-1.65037289	-0.665002801	0.182921442	0.0579987891	0	31.7	0	0	3
345	378	0	3.32786539	-1.07477466	-1.20844272	-1.65037289	-0.665002801	0.189417308	0.0579987891	0	30.6	0	0	3
346	378	0	3.33751138	-1.1185108	-1.20294843	-1.65037289	-0.665002801	0.194911595	0.0579987891	0	29.7	0	0	3
347	379	0	3.34715737	-1.12808387	-1.19655622	-1.65037289	-0.665002801	0.201303802	0.0579987891	0	28.8	0	0	3
348	379	0	3.35680335	-1.09287682	-1.18824408	-1.65037289	-0.665002801	0.209615947	0.0579987891	0	27.6	0	0	3
349	380	0	3.36644934	-1.11396139	-1.17965749	-1.65037289	-0.665002801	0.218202531	0.0579987891	0	26.5	0	0	3
350	381	0	3.37609533	-1.12139636	-1.17051361	-1.65037289	-0.665002801	0.227346415	0.0579987891	0	25.5	0	0	3
351	381	0	3.38574131	-1.14254713	-1.16123735	-1.65037289	-0.665002801	0.236622672	0.0579987891	0	24.5	0	0	3
352	382	0	3.3953873	-1.18106271	-1.15221216	-1.65029008	-0.665002801	0.245647867	0.0579987891	0	23.6	0	0	3
353	383	0	3.40503329	-1.22813701	-1.14409383	-1.58775059	-0.665002801	0.253766196	0.0579987891	0	22.8	0	0	3
354	383	0	3.41467927	-1.25473869	-1.13768975	-1.54067328	-0.665002801	0.260170271	0.0579987891	0	22.2	0	0	3
355	384	0	3.42432526	-1.27026639	-1.13248962	-1.50075625	-0.665002801	0.265370403	0.0579987891	0	21.8	0	0	3
356	384	0	3.43397125	-1.2819231	-1.12828129	-1.48456379	-0.665002801	0.269578733	0.0579987891	0	21.5	0	0	3
357	385	0	3.44361723	-1.26089366	-1.12397994	-1.44135527	-0.665002801	0.273880082	0.0579987891	0	21.1	0	0	3
358	386	0	3.45326322	-1.230824	-1.11993127	-1.39215382	-0.665002801	0.27792876	0.0579987891	0	20.8	0	0	3
359	386	0	3.46290921	-1.20999878	-1.11642828	-1.37608817	-0.665002801	0.281431741	0.0579987891	0	20.6	0	0	3
360	387	0	3.47255519	-1.18073519	-1.1126715	-1.34096085	-0.665002801	0.28518853	0.0579987891	0	20.3	0	0	3
361	388	0	3.48220118	-1.1489531	-1.1090581	-1.34096085	-0.665002801	0.288801925	0.0579987891	0	20	0	0	3
362	388	0	3.49184717	-1.12668505	-1.10630182	-1.34096085	-0.665002801	0.291558203	0.0579987891	0	19.8	0	0	3
363	389	0	3.50149315	-1.10181672	-1.10412415	-1.34096085	-0.665002801	0.292802756	0.0579987891	0	19.8	0	0	3
364	390	0	3.51113914	-1.07106322	-1.10326852	-1.34096085	-0.665002801	0.291209285	0.0579987891	0	19.9	0	0	3
365	390	0	3.52078513	-1.03957508	-1.10269999	-1.34096085	-0.665002801	0.289337434	0.0579987891	0	20	0	0	3
366	391	0	3.53043111	-0.981017559	-1.10043216	-1.34096085	-0.665002801	0.289335373	0.0579987891	0	20	0	0	3
367	391	0	3.5400771	-0.948197604	-1.09721908	-1.34096085	-0.665002801	0.289461121	0.0579987891	0	20	0	0	3
368	392	0	3.54972309	-0.914345471	-1.09387241	-1.34096085	-0.665002801	0.28964796	0.0579987891	0	20	0	0	3
369	393	0	3.55936907	-0.897049436	-1.08997598	-1.34096085	-0.665002801	0.289674561	0.0579987891	0	20	0	0	3
370	393	0	3.56901506	-0.908754748	-1.08685947	-1.34096085	-0.665002801	0.288669338	0.0579987891	0	20	0	0	3
371	394	0	3.57866105	-0.94239951	-1.08480917	-1.34096085	-0.665002801	0.286530849	0.0579987891	0	20.2	0	0	3
372	395	0	3.58830703	-1.00393269	-1.08397871	-1.34096085	-0.665002801	0.283010503	0.0579987891	0	20.4	0	0	3
373	395	0	3.59795302	-1.06873555	-1.08426263	-1.34096085	-0.665002801	0.278554119	0.0579987891	0	20.8	0	0	3
374	396	0	3.60759901	-1.13736435	-1.08551799	-1.34096085	-0.665002801	0.277142592	0.0579987891	0	20.9	0	0	3
375	396	0	3.61724499	-1.18940341	-1.08647665	-1.34096085	-0.665002801	0.277142592	0.0579987891	0	20.9	0	0	3
376	397	0	3.62689098	-1.20587019	-1.0866592	-1.34096085	-0.665002801	0.277142592	0.0579987891	0	20.9	0	0	3
377	398	0	3.63653697	-1.21359862	-1.08659642	-1.34096085	-0.665002801	0.277142592	0.0579987891	0	20.9	0	0	3
378	398	0	3.64618295	-1.16796393	-1.08475572	-1.34096085	-0.665002801	0.277142592	0.0579987891	0	20.9	0	0	3
379	399	0	3.65582894	-1.15796936	-1.08194847	-1.34096085	-0.665002801	0.27917284	0.0579987891	0	20.7	0	0	3
380	400	0	3.66547493	-1.15645139	-1.07840336	-1.34096085	-0.665002801	0.28271795	0.0579987891	0	20.5	0	0	3
381	400	0	3.67512091	-1.20784396	-1.07584342	-1.32552088	-0.665002801	0.284720967	0.0579987891	0	20.3	0	0	3
382	401	0	3.6847669	-1.29827923	-1.07531954	-1.29827923	-0.665002801	0.282866415	0.0579987891	0	20.5	0	0	3
383	401	0	3.69441289	-1.35090169	-1.07668341	-1.35090169	-0.665002801	0.278186818	0.0579987891	0	20.8	0	0	3
384	402	0	3.70405887	-1.39421497	-1.07964631	-1.39421497	-0.665002801	0.270854924	0.0579987891	0	21.4	0	0	3
385	403	0	3.71370486	-1.44590197	-1.08510437	-1.44590197	-0.665002801	0.261688042	0.0579987891	0	22.1	0	0	3
386	403	0	3.72335085	-1.47724557	-1.09282339	-1.47724557	-0.665002801	0.251123537	0.0579987891	0	23	0	0	3
387	404	0	3.73299683	-1.46027098	-1.10136181	-1.47724557	-0.665002801	0.238918255	0.0579987891	0	24.2	0	0	3
388	404	0	3.74264282	-1.4097933	-1.11057381	-1.47724557	-0.665002801	0.225560965	0.0579987891	0	25.7	0	0	3
389	405	0	3.75228881	-1.30924574	-1.11937674	-1.47724557	-0.665002801	0.211359855	0.0579987891	0	27.4	0	0	3
390	406	0	3.76193479	-1.1740183	-1.12735104	-1.47724557	-0.665002801	0.197237948	0.0579987891	0	29.4	0	0	3
391	406	0	3.77158078	-1.05933951	-1.13391026	-1.47724557	-0.665002801	0.182330693	0.0579987891	0	31.8	0	0	3
392	407	0	3.78122677	-0.946240354	-1.13931868	-1.47724557	-0.729172935	0.168990553	0.0579987891	0	34.3	0	0	3
393	408	0	3.79087275	-0.907726195	-1.14275239	-1.47724557	-0.783094164	0.1569208	0.0579987891	0	36.9	0	0	3
394	408	0	3.80051874	-0.885915427	-1.14472973	-1.47724557	-0.885915427	0.147472401	0.0579987891	0	39.3	0	0	3
395	409	0	3.81016473	-0.893931767	-1.14429892	-1.47724557	-0.885915427	0.139619045	0.0579987891	0	41.5	0	0	3
396	409	0	3.81981071	-0.942802947	-1.14299134	-1.47724557	-0.885915427	0.133123179	0.0579987891	0	43.5	0	0	3
397	410	0	3.8294567	-1.03762312	-1.14227688	-1.47724557	-0.885915427	0.127628892	0.0579987891	0	45.4	0	0	3
398	411	0	3.83910269	-1.10938217	-1.14210133	-1.47724557	-0.885915427	0.121236685	0.0579987891	0	47.8	0	0	3
399	411	0	3.84874867	-1.12611228	-1.14206342	-1.47724557	-0.885915427	0.11292454	0.0579987891	0	51.3	0	0	3
400	412	0	3.85839466	-1.15436531	-1.14324589	-1.47724557	-0.885915427	0.104337956	0.0579987891	0	55.5	0	0	3
401	415	0	3.86804065	-1.23225222	-1.14552071	-1.47724557	-0.885915427	0.0951940715	0.0579987891	0	60.9	0	0	3
402	416	0	3.87768663	-1.31859017	-1.1493129	-1.47724557	-0.885915427	0.0859178154	0.0579987891	0	67.5	0	0	3
403	416	0	3.88733262	-1.39274567	-1.15412441	-1.47724557	-0.885915427	0.078804873	0.0579987891	0	73.5	0	0	3
404	417	0	3.89697861	-1.42714571	-1.15885678	-1.47724557	-0.885915427	0.0835372385	0.0579987891	0	69.4	0	0	3
405	418	0	3.90662459	-1.4584855	-1.16328656	-1.47724557	-0.885915427	0.0879670171	0.0579987891	0	65.9	0	0	3
406	418	0	3.91627058	-1.46550756	-1.1673398	-1.47724557	-0.885915427	0.0920202645	0.0579987891	0	63	0	0	3
407	419	0	3.92591657	-1.45602703	-1.17091212	-1.47724557	-0.885915427	0.0955925845	0.0579987891	0	60.6	0	0	3
408	420	0	3.93556255	-1.38606853	-1.17291492	-1.47724557	-0.885915427	0.0975953813	0.0579987891	0	59.4	0	0	3
409	420	0	3.94520854	-1.33121654	-1.17426728	-1.47724557	-0.885915427	0.0989477444	0.0579987891	0	58.6	0	0	3
410	421	0	3.95485453	-1.25240526	-1.17468231	-1.47724557	-0.885915427	0.0993627687	0.0579987891	0	58.3	0	0	3
411	421	0	3.96450051	-1.21705843	-1.17481807	-1.47724557	-0.885915427	0.0994985312	0.0579987891	0	58.2	0	0	3
412	422	0	3.9741465	-1.16080722	-1.17443484	-1.47724557	-0.885915427	0.0994985312	0.0579987891	0	58.2	0	0	3
413	423	0	3.98379249	-1.0836924	-1.17317983	-1.47724557	-0.885915427	0.0994985312	0.0579987891	0	58.2	0	0	3
414	423	0	3.99343847	-1.02417013	-1.17120839	-1.47724557	-0.885915427	0.0994985312	0.0579987891	0	58.2	0	0	3
415	424	0	4.00308446	-1.02316688	-1.16969589	-1.47724557	-0.885915427	0.0994985312	0.0579987891	0	58.2	0	0	3
