Iteration	CPUTime	PhysTime	Travels	Value	AvValue	MinValue	MaxValue	Delta	Criteria	PrevAvRefValue	Progress	CriteriaType	CriteriaVarType	CriteriaPercentage
1	7	0	0.00964598665	101328.522	101328.522	101328.522	101328.522	0	0	0	0	0	0	3
2	9	0	0.0192919733	101333.525	101331.023	101328.522	101333.525	2.50133972	0	0	0	0	0	3
3	11	0	0.0289379599	101336.593	101332.88	101328.522	101336.593	4.35801577	0	0	0	0	0	3
4	13	0	0.0385839466	101336.559	101333.8	101328.522	101336.593	5.27774751	0	0	0	0	0	3
5	14	0	0.0482299332	101333.554	101333.751	101328.522	101336.593	5.27774751	0	0	0	0	0	3
6	15	0	0.0578759199	101327.285	101332.673	101327.285	101336.593	5.27774751	0	0	0	0	0	3
7	15	0	0.0675219065	101323.118	101331.308	101323.118	101336.593	5.27774751	0	0	0	0	0	3
8	16	0	0.0771678932	101321.935	101330.136	101321.935	101336.593	5.27774751	0	0	0	0	0	3
9	17	0	0.0868138798	101322.555	101329.294	101321.935	101336.593	5.27774751	0	0	0	0	0	3
10	19	0	0.0964598665	101323.676	101328.732	101321.935	101336.593	5.27774751	0	0	0	0	0	3
11	20	0	0.106105853	101324.908	101328.385	101321.935	101336.593	5.41519911	0	0	0	0	0	3
12	20	0	0.11575184	101325.267	101328.125	101321.935	101336.593	5.67496244	0	0	0	0	0	3
13	22	0	0.125397826	101325.166	101327.897	101321.935	101336.593	5.90259035	0	0	0	0	0	3
14	23	0	0.135043813	101324.997	101327.69	101321.935	101336.593	6.10978042	0	0	0	0	0	3
15	25	0	0.1446898	101324.896	101327.504	101321.935	101336.593	6.29606636	0	0	0	0	0	3
16	27	0	0.154335786	101324.899	101327.341	101321.935	101336.593	6.45886223	0	0	0	0	0	3
17	28	0	0.163981773	101324.917	101327.198	101321.935	101336.593	6.60145158	0	0	0	0	0	3
18	30	0	0.17362776	101324.897	101327.071	101321.935	101336.593	6.72928391	0	0	0	0	0	3
19	32	0	0.183273746	101324.895	101326.956	101321.935	101336.593	6.84376624	0	0	0	0	0	3
20	33	0	0.192919733	101324.89	101326.853	101321.935	101336.593	6.94708332	0	0	0	0	0	3
21	35	0	0.20256572	101324.881	101326.759	101321.935	101336.593	7.04098035	0	0	0	0	0	3
22	37	0	0.212211706	101324.888	101326.674	101321.935	101336.593	7.12599977	0	0	0	0	0	3
23	38	0	0.221857693	101324.887	101326.596	101321.935	101336.593	7.20367008	0	0	0	0	0	3
24	40	0	0.23150368	101324.865	101326.524	101321.935	101336.593	7.27579091	0	0	0	0	0	3
25	41	0	0.241149666	101324.876	101326.458	101321.935	101336.593	7.34171378	0	0	0	0	0	3
26	43	0	0.250795653	101324.886	101326.398	101321.935	101336.593	7.40216497	0	0	0	0	0	3
27	45	0	0.260441639	101324.921	101326.343	101321.935	101336.593	7.45685607	0	0	0	0	0	3
28	46	0	0.270087626	101324.952	101326.293	101321.935	101336.593	7.50652377	0	0	0	0	0	3
29	48	0	0.279733613	101324.966	101326.248	101321.935	101336.593	7.55227554	0	0	0	0	0	3
30	50	0	0.289379599	101324.974	101326.205	101321.935	101336.593	7.59473618	0	0	0	0	0	3
31	53	0	0.299025586	101324.991	101326.166	101321.935	101336.593	7.63390078	0	0	0	0	0	3
32	56	0	0.308671573	101325.04	101326.131	101321.935	101336.593	7.66908813	0	0	0	0	0	3
33	59	0	0.318317559	101325.068	101326.098	101321.935	101336.593	7.70130233	0	0	0	0	0	3
34	62	0	0.327963546	101325.071	101326.068	101321.935	101336.593	7.731513	0	0	0	0	0	3
35	66	0	0.337609533	101325.068	101326.04	101321.935	101336.593	7.76009346	0	0	0	0	0	3
36	69	0	0.347255519	101325.087	101326.013	101321.935	101336.593	7.78655036	0	0	0	0	0	3
37	72	0	0.356901506	101325.106	101325.989	101321.935	101336.593	7.81107165	0	0	0	0	0	3
38	76	0	0.366547493	101325.099	101325.965	101321.935	101336.593	7.83447412	0	0	0	0	0	3
39	79	0	0.376193479	101325.102	101325.943	101321.935	101336.593	7.85661555	0	0	0	0	0	3
40	82	0	0.385839466	101325.11	101325.922	101321.935	101336.593	7.87745676	0	0	0	0	0	3
41	87	0	0.395485453	101325.123	101325.903	101321.935	101336.593	7.89694498	0	0	0	0	0	3
42	90	0	0.405131439	101325.128	101325.884	101321.935	101336.593	7.91540046	0	0	0	0	0	3
43	94	0	0.414777426	101325.117	101325.867	101321.935	101336.593	7.93325778	0	0	0	0	0	3
44	98	0	0.424423413	101325.097	101325.849	101321.935	101336.593	7.95075624	0	0	0	0	0	3
45	101	0	0.434069399	101325.083	101325.832	101321.935	101336.593	7.96777433	0	0	0	0	0	3
46	105	0	0.443715386	101325.073	101325.816	101321.935	101336.593	7.98428555	0	0	0	0	0	3
47	109	0	0.453361372	101325.078	101325.8	101321.935	101336.593	7.99997944	0	0	0	0	0	3
48	112	0	0.463007359	101325.094	101325.785	101321.935	101336.593	8.01468803	0	0	0	0	0	3
49	114	0	0.472653346	101325.112	101325.771	101321.935	101336.593	8.0284322	0	0	0	0	0	3
50	114	0	0.482299332	101325.144	101325.759	101321.935	101336.593	8.0409847	0	0	0	0	0	3
51	115	0	0.491945319	101325.163	101325.747	101321.935	101336.593	8.05266686	0	0	0	0	0	3
52	115	0	0.501591306	101325.183	101325.736	101321.935	101336.593	8.06352224	0	0	0	0	0	3
53	116	0	0.511237292	101325.18	101325.672	101321.935	101336.593	8.12779495	0	0	0	0	0	3
54	117	0	0.520883279	101325.135	101325.511	101321.935	101336.593	8.2891295	0	0	0	0	0	3
55	117	0	0.530529266	101325.09	101325.289	101321.935	101336.559	8.51034506	0	0	0	0	0	3
56	118	0	0.540175252	101325.068	101325.068	101321.935	101333.554	8.68224604	0	0	0	0	0	3
57	119	0	0.549821239	101325.07	101324.905	101321.935	101327.285	5.35059115	0	0	0	0	0	3
58	119	0	0.559467226	101325.067	101324.863	101321.935	101325.267	3.33282775	0	0	0	0	0	3
59	120	0	0.569113212	101325.068	101324.9	101321.935	101325.267	3.33282775	0	0	0	0	0	3
60	123	0	0.578759199	101325.078	101324.961	101322.555	101325.267	2.71291255	0	0	0	0	0	3
61	126	0	0.588405186	101325.094	101325.009	101323.676	101325.267	1.59102438	0	0	0	0	0	3
62	132	0	0.598051172	101325.109	101325.037	101324.865	101325.267	0.402210907	0	0	0	0	0	3
63	136	0	0.607697159	101325.107	101325.041	101324.865	101325.267	0.402210907	0	0	0	0	0	3
64	141	0	0.617343145	101325.098	101325.038	101324.865	101325.183	0.317423452	0	0	0	0	0	3
65	145	0	0.626989132	101325.11	101325.036	101324.865	101325.183	0.317423452	0	0	0	0	0	3
66	148	0	0.636635119	101325.138	101325.039	101324.865	101325.183	0.317423452	0	0	0	0	0	3
67	152	0	0.646281105	101325.169	101325.044	101324.865	101325.183	0.317423452	0	0	0	0	0	3
68	156	0	0.655927092	101325.181	101325.05	101324.865	101325.183	0.317423452	0	0	0	0	0	3
69	161	0	0.665573079	101325.162	101325.055	101324.865	101325.183	0.317423452	0	0	0	0	0	3
70	165	0	0.675219065	101325.138	101325.059	101324.865	101325.183	0.317423452	0	0	0	0	0	3
71	169	0	0.684865052	101325.109	101325.063	101324.865	101325.183	0.317423452	0	0	0	0	0	3
72	172	0	0.694511039	101325.085	101325.067	101324.865	101325.183	0.317423452	0	0	0	0	0	3
73	177	0	0.704157025	101325.08	101325.071	101324.865	101325.183	0.317423452	0	0	0	0	0	3
74	182	0	0.713803012	101325.077	101325.075	101324.865	101325.183	0.317423452	0	0	0	0	0	3
75	186	0	0.723448999	101325.082	101325.078	101324.865	101325.183	0.317423452	0	0	0	0	0	3
76	189	0	0.733094985	101325.104	101325.083	101324.876	101325.183	0.306716314	0	0	0	0	0	3
77	192	0	0.742740972	101325.145	101325.088	101324.886	101325.183	0.296298197	0	0	0	0	0	3
78	195	0	0.752386959	101325.165	101325.093	101324.921	101325.183	0.261678127	0	0	0	0	0	3
79	195	0	0.762032945	101325.148	101325.098	101324.952	101325.183	0.230405093	0	0	0	0	0	3
80	196	0	0.771678932	101325.116	101325.101	101324.966	101325.183	0.216178558	0	0	0	0	0	3
81	197	0	0.781324918	101325.089	101325.103	101324.974	101325.183	0.208948528	0	0	0	0	0	3
82	197	0	0.790970905	101325.082	101325.105	101324.991	101325.183	0.191692055	0	0	0	0	0	3
83	198	0	0.800616892	101325.08	101325.107	101325.04	101325.183	0.142749549	0	0	0	0	0	3
84	198	0	0.810262878	101325.078	101325.108	101325.067	101325.183	0.116101876	0	0	0	0	0	3
85	199	0	0.819908865	101325.078	101325.108	101325.067	101325.183	0.116101876	0	0	0	0	0	3
86	200	0	0.829554852	101325.086	101325.108	101325.067	101325.183	0.116101876	0	0	0	0	0	3
87	200	0	0.839200838	101325.104	101325.109	101325.067	101325.183	0.116101876	0	0	0	0	0	3
88	201	0	0.848846825	101325.102	101325.109	101325.067	101325.183	0.116101876	0	0	0	0	0	3
89	202	0	0.858492812	101325.073	101325.109	101325.067	101325.183	0.116101876	0	0	0	0	0	3
90	202	0	0.868138798	101325.053	101325.108	101325.053	101325.183	0.129518137	0	0	0	0	0	3
91	203	0	0.877784785	101325.054	101325.107	101325.053	101325.183	0.129518137	0	0	0	0	0	3
92	204	0	0.887430772	101325.072	101325.106	101325.053	101325.183	0.129518137	0	0	0	0	0	3
93	204	0	0.897076758	101325.088	101325.105	101325.053	101325.183	0.129518137	0	0	0	0	0	3
94	205	0	0.906722745	101325.096	101325.105	101325.053	101325.183	0.129518137	0	0	0	0	0	3
95	206	0	0.916368732	101325.13	101325.105	101325.053	101325.183	0.129518137	0	0	0	0	0	3
96	206	0	0.926014718	101325.158	101325.106	101325.053	101325.183	0.129518137	0	0	0	0	0	3
97	207	0	0.935660705	101325.187	101325.108	101325.053	101325.187	0.134093537	0	0	0	0	0	3
98	208	0	0.945306691	101325.18	101325.11	101325.053	101325.187	0.134093537	0	0	0	0	0	3
99	209	0	0.954952678	101325.137	101325.111	101325.053	101325.187	0.134093537	0	0	0	0	0	3
100	210	0	0.964598665	101325.089	101325.111	101325.053	101325.187	0.134093537	0	0	0	0	0	3
101	213	0	0.974244651	101325.062	101325.11	101325.053	101325.187	0.134093537	0	0	0	0	0	3
102	214	0	0.983890638	101325.063	101325.109	101325.053	101325.187	0.134093537	0	0	0	0	0	3
103	215	0	0.993536625	101325.068	101325.107	101325.053	101325.187	0.134093537	0	0	0	0	0	3
104	216	0	1.00318261	101325.06	101325.105	101325.053	101325.187	0.134093537	0.439764214	0	0	0	0	3
105	217	0	1.0128286	101325.063	101325.102	101325.053	101325.187	0.134093537	0.439764214	0	0	0	0	3
106	218	0	1.02247458	101325.074	101325.101	101325.053	101325.187	0.134093537	0.439764214	0	0	0	0	3
107	219	0	1.03212057	101325.098	101325.101	101325.053	101325.187	0.134093537	0.439764214	0	0	0	0	3
108	220	0	1.04176656	101325.103	101325.102	101325.053	101325.187	0.134093537	0.439764214	0	0	0	0	3
109	221	0	1.05141254	101325.078	101325.102	101325.053	101325.187	0.134093537	0.439764214	0	0	0	0	3
110	222	0	1.06105853	101325.068	101325.102	101325.053	101325.187	0.134093537	0.439764214	0	0	0	0	3
111	223	0	1.07070452	101325.072	101325.102	101325.053	101325.187	0.134093537	0.439764214	0	0	0	0	3
112	224	0	1.0803505	101325.111	101325.103	101325.053	101325.187	0.102000825	0.439764214	0	0	0	0	3
113	224	0	1.08999649	101325.146	101325.104	101325.053	101325.187	0.0749416709	0.439764214	0	0	0	0	3
114	225	0	1.09964248	101325.164	101325.105	101325.053	101325.187	0.0749416709	0.439764214	0	0	0	0	3
115	225	0	1.10928846	101325.17	101325.106	101325.053	101325.187	0.0749416709	0.439764214	0	0	0	0	3
116	226	0	1.11893445	101325.166	101325.108	101325.053	101325.187	0.0749416709	0.439764214	0	0	0	0	3
117	227	0	1.12858044	101325.158	101325.108	101325.053	101325.187	0.0722295764	0.439764214	0	0	0	0	3
118	227	0	1.13822642	101325.118	101325.108	101325.053	101325.187	0.0669672675	0.439764214	0	0	0	0	3
119	228	0	1.14787241	101325.052	101325.106	101325.052	101325.187	0.0615536281	0.439764214	0	0	0	0	3
120	229	0	1.1575184	101325.035	101325.103	101325.035	101325.187	0.0568459736	0.439764214	0	0	0	0	3
121	229	0	1.16716438	101325.039	101325.101	101325.035	101325.187	0.0522255752	0.439764214	0	0	0	0	3
122	230	0	1.17681037	101325.064	101325.099	101325.035	101325.187	0.0481227665	0.439764214	0	0	0	0	3
123	231	0	1.18645636	101325.081	101325.099	101325.035	101325.187	0.0443654818	0.439764214	0	0	0	0	3
124	231	0	1.19610234	101325.084	101325.099	101325.035	101325.187	0.0405447806	0.439764214	0	0	0	0	3
125	232	0	1.20574833	101325.089	101325.099	101325.035	101325.187	0.0369234881	0.439764214	0	0	0	0	3
126	233	0	1.21539432	101325.094	101325.099	101325.035	101325.187	0.0331829522	0.439764214	0	0	0	0	3
127	233	0	1.2250403	101325.101	101325.1	101325.035	101325.187	0.0285963177	0.439764214	0	0	0	0	3
128	234	0	1.23468629	101325.092	101325.099	101325.035	101325.187	0.0234175348	0.439764214	0	0	0	0	3
129	234	0	1.24433228	101325.08	101325.098	101325.035	101325.187	0.0180663073	0.439764214	0	0	0	0	3
130	235	0	1.25397826	101325.087	101325.097	101325.035	101325.187	0.014829032	0.439764214	0	0	0	0	3
131	236	0	1.26362425	101325.107	101325.096	101325.035	101325.187	0.0156249166	0.439764214	0	0	0	0	3
132	236	0	1.27327024	101325.15	101325.096	101325.035	101325.187	0.0156249166	0.439764214	0	0	0	0	3
133	237	0	1.28291622	101325.186	101325.098	101325.035	101325.187	0.0156249166	0.439764214	0	0	0	0	3
134	238	0	1.29256221	101325.195	101325.1	101325.035	101325.195	0.0156249166	0.439764214	0	0	0	0	3
135	238	0	1.3022082	101325.193	101325.103	101325.035	101325.195	0.0156249166	0.439764214	0	0	0	0	3
136	239	0	1.31185418	101325.171	101325.104	101325.035	101325.195	0.0156249166	0.439764214	0	0	0	0	3
137	240	0	1.32150017	101325.14	101325.106	101325.035	101325.195	0.0156249166	0.439764214	0	0	0	0	3
138	240	0	1.33114616	101325.092	101325.106	101325.035	101325.195	0.0156249166	0.439764214	0	0	0	0	3
139	241	0	1.34079214	101325.053	101325.105	101325.035	101325.195	0.0156249166	0.439764214	0	0	0	0	3
140	242	0	1.35043813	101325.048	101325.104	101325.035	101325.195	0.0156249166	0.439764214	0	0	0	0	3
141	242	0	1.36008412	101325.057	101325.103	101325.035	101325.195	0.0156249166	0.439764214	0	0	0	0	3
142	243	0	1.3697301	101325.077	101325.104	101325.035	101325.195	0.0156249166	0.439764214	0	0	0	0	3
143	244	0	1.37937609	101325.086	101325.105	101325.035	101325.195	0.0156249166	0.439764214	0	0	0	0	3
144	244	0	1.38902208	101325.081	101325.105	101325.035	101325.195	0.0156249166	0.439764214	0	0	0	0	3
145	245	0	1.39866806	101325.079	101325.104	101325.035	101325.195	0.0156249166	0.439764214	0	0	0	0	3
146	245	0	1.40831405	101325.074	101325.104	101325.035	101325.195	0.0156249166	0.439764214	0	0	0	0	3
147	246	0	1.41796004	101325.081	101325.103	101325.035	101325.195	0.0156249166	0.439764214	0	0	0	0	3
148	247	0	1.42760602	101325.086	101325.102	101325.035	101325.195	0.0156249166	0.439764214	0	0	0	0	3
149	247	0	1.43725201	101325.086	101325.1	101325.035	101325.195	0.0156249166	0.439764214	0	0	0	0	3
150	248	0	1.446898	101325.103	101325.098	101325.035	101325.195	0.0156249166	0.439764214	0	0	0	0	3
151	249	0	1.45654398	101325.121	101325.098	101325.035	101325.195	0.0155369629	0.439764214	0	0	0	0	3
152	249	0	1.46618997	101325.145	101325.099	101325.035	101325.195	0.0145869054	0.439764214	0	0	0	0	3
153	250	0	1.47583596	101325.17	101325.101	101325.035	101325.195	0.0130398137	0.439764214	0	0	0	0	3
154	250	0	1.48548194	101325.158	101325.103	101325.035	101325.195	0.0126577967	0.439764214	0	0	0	0	3
155	251	0	1.49512793	101325.137	101325.104	101325.035	101325.195	0.0126577967	0.439764214	0	0	0	0	3
156	252	0	1.50477392	101325.114	101325.105	101325.035	101325.195	0.0126577967	0.439764214	0	0	0	0	3
157	252	0	1.5144199	101325.104	101325.106	101325.035	101325.195	0.0126577967	0.439764214	0	0	0	0	3
158	253	0	1.52406589	101325.098	101325.107	101325.035	101325.195	0.0126577967	0.439764214	0	0	0	0	3
159	253	0	1.53371188	101325.086	101325.106	101325.035	101325.195	0.0126577967	0.439764214	0	0	0	0	3
160	254	0	1.54335786	101325.076	101325.106	101325.035	101325.195	0.0126577967	0.439764214	0	0	0	0	3
161	255	0	1.55300385	101325.08	101325.106	101325.035	101325.195	0.0126577967	0.439764214	0	0	0	0	3
162	255	0	1.56264984	101325.093	101325.106	101325.035	101325.195	0.0126577967	0.439764214	0	0	0	0	3
163	256	0	1.57229582	101325.098	101325.107	101325.035	101325.195	0.0126577967	0.439764214	0	0	0	0	3
164	256	0	1.58194181	101325.075	101325.106	101325.035	101325.195	0.0126577967	0.439764214	0	0	0	0	3
165	257	0	1.5915878	101325.064	101325.105	101325.035	101325.195	0.0126577967	0.439764214	0	0	0	0	3
166	258	0	1.60123378	101325.067	101325.103	101325.035	101325.195	0.0126577967	0.439764214	0	0	0	0	3
167	258	0	1.61087977	101325.093	101325.101	101325.035	101325.195	0.0126577967	0.439764214	0	0	0	0	3
168	259	0	1.62052576	101325.123	101325.1	101325.035	101325.195	0.0126577967	0.439764214	0	0	0	0	3
169	259	0	1.63017174	101325.136	101325.1	101325.035	101325.195	0.0122813005	0.439764214	0	0	0	0	3
170	260	0	1.63981773	101325.152	101325.101	101325.035	101325.195	0.0110126083	0.439764214	0	0	0	0	3
171	261	0	1.64946372	101325.172	101325.103	101325.035	101325.195	0.0110126083	0.439764214	0	0	0	0	3
172	262	0	1.6591097	101325.194	101325.106	101325.039	101325.195	0.0110126083	0.439764214	0	0	0	0	3
173	262	0	1.66875569	101325.184	101325.109	101325.048	101325.195	0.0129218233	0.439764214	0	0	0	0	3
174	263	0	1.67840168	101325.141	101325.11	101325.048	101325.195	0.0143930822	0.439764214	0	0	0	0	3
175	264	0	1.68804766	101325.101	101325.111	101325.048	101325.195	0.0147698387	0.439764214	0	0	0	0	3
176	265	0	1.69769365	101325.075	101325.11	101325.048	101325.195	0.0147698387	0.439764214	0	0	0	0	3
177	266	0	1.70733964	101325.085	101325.11	101325.048	101325.195	0.0147698387	0.439764214	0	0	0	0	3
178	266	0	1.71698562	101325.089	101325.11	101325.048	101325.195	0.0147698387	0.439764214	0	0	0	0	3
179	267	0	1.72663161	101325.095	101325.11	101325.048	101325.195	0.0147698387	0.439764214	0	0	0	0	3
180	268	0	1.7362776	101325.115	101325.111	101325.048	101325.195	0.0147762184	0.439764214	0	0	0	0	3
181	269	0	1.74592358	101325.144	101325.112	101325.048	101325.195	0.0160205568	0.439764214	0	0	0	0	3
182	270	0	1.75556957	101325.158	101325.113	101325.048	101325.195	0.0173864283	0.439764214	0	0	0	0	3
183	271	0	1.76521556	101325.146	101325.114	101325.048	101325.195	0.0175008944	0.439764214	0	0	0	0	3
184	272	0	1.77486154	101325.095	101325.113	101325.048	101325.195	0.0159727672	0.439764214	0	0	0	0	3
185	272	0	1.78450753	101325.058	101325.11	101325.048	101325.195	0.0159727672	0.439764214	0	0	0	0	3
186	273	0	1.79415352	101325.039	101325.107	101325.039	101325.194	0.0159727672	0.439764214	0	0	0	0	3
187	274	0	1.8037995	101325.055	101325.105	101325.039	101325.194	0.0159727672	0.439764214	0	0	0	0	3
188	275	0	1.81344549	101325.069	101325.103	101325.039	101325.194	0.0159727672	0.439764214	0	0	0	0	3
189	276	0	1.82309148	101325.066	101325.101	101325.039	101325.194	0.0159727672	0.439764214	0	0	0	0	3
190	276	0	1.83273746	101325.075	101325.101	101325.039	101325.194	0.0159727672	0.439764214	0	0	0	0	3
191	277	0	1.84238345	101325.091	101325.102	101325.039	101325.194	0.0159727672	0.439764214	0	0	0	0	3
192	278	0	1.85202944	101325.116	101325.103	101325.039	101325.194	0.0159727672	0.439764214	0	0	0	0	3
193	278	0	1.86167542	101325.125	101325.104	101325.039	101325.194	0.0159727672	0.439764214	0	0	0	0	3
194	279	0	1.87132141	101325.101	101325.105	101325.039	101325.194	0.0159727672	0.439764214	0	0	0	0	3
195	279	0	1.8809674	101325.083	101325.105	101325.039	101325.194	0.0159727672	0.439764214	0	0	0	0	3
196	280	0	1.89061338	101325.076	101325.105	101325.039	101325.194	0.0159727672	0.439764214	0	0	0	0	3
197	281	0	1.90025937	101325.095	101325.105	101325.039	101325.194	0.0159727672	0.439764214	0	0	0	0	3
198	281	0	1.90990536	101325.105	101325.106	101325.039	101325.194	0.0159727672	0.439764214	0	0	0	0	3
199	282	0	1.91955134	101325.101	101325.106	101325.039	101325.194	0.0159727672	0.439764214	0	0	0	0	3
200	282	0	1.92919733	101325.112	101325.107	101325.039	101325.194	0.0159727672	0.439764214	0	0	0	0	3
201	286	0	1.93884332	101325.136	101325.108	101325.039	101325.194	0.0159727672	0.439764214	0	0	0	0	3
202	286	0	1.9484893	101325.154	101325.108	101325.039	101325.194	0.0159727672	0.439764214	0	0	0	0	3
203	287	0	1.95813529	101325.145	101325.109	101325.039	101325.194	0.0149064837	0.439764214	0	0	0	0	3
204	288	0	1.96778128	101325.095	101325.108	101325.039	101325.194	0.0140211765	0.439764214	0	0	0	0	3
205	288	0	1.97742726	101325.055	101325.106	101325.039	101325.194	0.0140211765	0.439764214	0	0	0	0	3
206	289	0	1.98707325	101325.034	101325.103	101325.034	101325.194	0.0140211765	0.439764214	0	0	0	0	3
207	290	0	1.99671924	101325.046	101325.102	101325.034	101325.194	0.0140211765	0.439764214	0	0	0	0	3
208	290	0	2.00636522	101325.058	101325.101	101325.034	101325.194	0.0140211765	0.439764214	0	0	0	0	3
209	291	0	2.01601121	101325.056	101325.1	101325.034	101325.194	0.0143407016	0.439764214	0	0	0	0	3
210	291	0	2.0256572	101325.065	101325.099	101325.034	101325.194	0.0149828611	0.439764214	0	0	0	0	3
211	292	0	2.03530318	101325.085	101325.099	101325.034	101325.194	0.0149922704	0.439764214	0	0	0	0	3
212	293	0	2.04494917	101325.107	101325.1	101325.034	101325.194	0.0149922704	0.439764214	0	0	0	0	3
213	293	0	2.05459516	101325.112	101325.1	101325.034	101325.194	0.0149922704	0.439764214	0	0	0	0	3
214	294	0	2.06424114	101325.087	101325.1	101325.034	101325.194	0.0149922704	0.439764214	0	0	0	0	3
215	294	0	2.07388713	101325.074	101325.1	101325.034	101325.194	0.0149922704	0.439764214	0	0	0	0	3
216	295	0	2.08353312	101325.078	101325.1	101325.034	101325.194	0.0149922704	0.439764214	0	0	0	0	3
217	296	0	2.0931791	101325.107	101325.101	101325.034	101325.194	0.0149922704	0.439764214	0	0	0	0	3
218	296	0	2.10282509	101325.132	101325.102	101325.034	101325.194	0.0149922704	0.439764214	0	0	0	0	3
219	297	0	2.11247108	101325.147	101325.103	101325.034	101325.194	0.0149922704	0.439764214	0	0	0	0	3
220	297	0	2.12211706	101325.167	101325.104	101325.034	101325.194	0.0149922704	0.439764214	0	0	0	0	3
221	298	0	2.13176305	101325.185	101325.105	101325.034	101325.194	0.0149922704	0.439764214	0	0	0	0	3
222	299	0	2.14140904	101325.181	101325.105	101325.034	101325.194	0.0149922704	0.439764214	0	0	0	0	3
223	299	0	2.15105502	101325.137	101325.104	101325.034	101325.194	0.0149922704	0.439764214	0	0	0	0	3
224	300	0	2.16070101	101325.065	101325.102	101325.034	101325.185	0.0149922704	0.439764214	0	0	0	0	3
225	301	0	2.170347	101325.02	101325.099	101325.02	101325.185	0.015108597	0.439764214	0	0	0	0	3
226	301	0	2.17999298	101325.012	101325.096	101325.012	101325.185	0.0175773988	0.439764214	0	0	0	0	3
227	302	0	2.18963897	101325.041	101325.095	101325.012	101325.185	0.0187353504	0.439764214	0	0	0	0	3
228	303	0	2.19928496	101325.063	101325.095	101325.012	101325.185	0.0189648995	0.439764214	0	0	0	0	3
229	303	0	2.20893094	101325.07	101325.095	101325.012	101325.185	0.0192603261	0.439764214	0	0	0	0	3
230	304	0	2.21857693	101325.077	101325.094	101325.012	101325.185	0.0194890195	0.439764214	0	0	0	0	3
231	304	0	2.22822292	101325.113	101325.095	101325.012	101325.185	0.0194890195	0.439764214	0	0	0	0	3
232	305	0	2.2378689	101325.16	101325.096	101325.012	101325.185	0.0194890195	0.439764214	0	0	0	0	3
233	306	0	2.24751489	101325.186	101325.096	101325.012	101325.186	0.0194890195	0.439764214	0	0	0	0	3
234	306	0	2.25716088	101325.162	101325.097	101325.012	101325.186	0.0194890195	0.439764214	0	0	0	0	3
235	307	0	2.26680686	101325.144	101325.097	101325.012	101325.186	0.0184233611	0.439764214	0	0	0	0	3
236	307	0	2.27645285	101325.118	101325.097	101325.012	101325.186	0.0159628743	0.439764214	0	0	0	0	3
237	308	0	2.28609884	101325.097	101325.098	101325.012	101325.186	0.0144858104	0.439764214	0	0	0	0	3
238	309	0	2.29574482	101325.081	101325.099	101325.012	101325.186	0.0144858104	0.439764214	0	0	0	0	3
239	309	0	2.30539081	101325.06	101325.099	101325.012	101325.186	0.0144858104	0.439764214	0	0	0	0	3
240	310	0	2.3150368	101325.06	101325.098	101325.012	101325.186	0.0144858104	0.439764214	0	0	0	0	3
241	311	0	2.32468278	101325.071	101325.099	101325.012	101325.186	0.0144858104	0.439764214	0	0	0	0	3
242	311	0	2.33432877	101325.096	101325.099	101325.012	101325.186	0.0144858104	0.439764214	0	0	0	0	3
243	312	0	2.34397476	101325.11	101325.099	101325.012	101325.186	0.0144858104	0.439764214	0	0	0	0	3
244	312	0	2.35362074	101325.105	101325.099	101325.012	101325.186	0.0144858104	0.439764214	0	0	0	0	3
245	313	0	2.36326673	101325.103	101325.099	101325.012	101325.186	0.0144858104	0.439764214	0	0	0	0	3
246	314	0	2.37291272	101325.096	101325.099	101325.012	101325.186	0.0144858104	0.439764214	0	0	0	0	3
247	314	0	2.3825587	101325.094	101325.099	101325.012	101325.186	0.0144858104	0.439764214	0	0	0	0	3
248	315	0	2.39220469	101325.075	101325.099	101325.012	101325.186	0.0144858104	0.439764214	0	0	0	0	3
249	315	0	2.40185068	101325.062	101325.098	101325.012	101325.186	0.0144858104	0.439764214	0	0	0	0	3
250	316	0	2.41149666	101325.073	101325.097	101325.012	101325.186	0.0144858104	0.439764214	0	0	0	0	3
251	317	0	2.42114265	101325.105	101325.098	101325.012	101325.186	0.0144858104	0.439764214	0	0	0	0	3
252	317	0	2.43078864	101325.147	101325.098	101325.012	101325.186	0.0144858104	0.439764214	0	0	0	0	3
253	318	0	2.44043462	101325.18	101325.099	101325.012	101325.186	0.0144858104	0.439764214	0	0	0	0	3
254	319	0	2.45008061	101325.177	101325.1	101325.012	101325.186	0.0144858104	0.439764214	0	0	0	0	3
255	319	0	2.4597266	101325.162	101325.1	101325.012	101325.186	0.0135249	0.439764214	0	0	0	0	3
256	320	0	2.46937258	101325.143	101325.101	101325.012	101325.186	0.0113114959	0.439764214	0	0	0	0	3
257	320	0	2.47901857	101325.121	101325.102	101325.012	101325.186	0.0106875707	0.439764214	0	0	0	0	3
258	321	0	2.48866456	101325.096	101325.103	101325.012	101325.186	0.0106875707	0.439764214	0	0	0	0	3
259	322	0	2.49831054	101325.066	101325.104	101325.012	101325.186	0.0106875707	0.439764214	0	0	0	0	3
260	322	0	2.50795653	101325.062	101325.104	101325.012	101325.186	0.0106875707	0.439764214	0	0	0	0	3
261	323	0	2.51760252	101325.076	101325.104	101325.012	101325.186	0.0106875707	0.439764214	0	0	0	0	3
262	324	0	2.5272485	101325.1	101325.105	101325.012	101325.186	0.0106875707	0.439764214	0	0	0	0	3
263	324	0	2.53689449	101325.107	101325.105	101325.012	101325.186	0.0107243607	0.439764214	0	0	0	0	3
264	325	0	2.54654048	101325.101	101325.105	101325.012	101325.186	0.0107243607	0.439764214	0	0	0	0	3
265	326	0	2.55618646	101325.096	101325.105	101325.012	101325.186	0.0107243607	0.439764214	0	0	0	0	3
266	326	0	2.56583245	101325.095	101325.105	101325.012	101325.186	0.0107243607	0.439764214	0	0	0	0	3
267	327	0	2.57547843	101325.103	101325.105	101325.012	101325.186	0.0109863846	0.439764214	0	0	0	0	3
268	327	0	2.58512442	101325.095	101325.106	101325.012	101325.186	0.011306584	0.439764214	0	0	0	0	3
269	328	0	2.59477041	101325.071	101325.105	101325.012	101325.186	0.011306584	0.439764214	0	0	0	0	3
270	329	0	2.60441639	101325.075	101325.104	101325.012	101325.186	0.011306584	0.439764214	0	0	0	0	3
271	329	0	2.61406238	101325.09	101325.103	101325.012	101325.186	0.011306584	0.439764214	0	0	0	0	3
272	330	0	2.62370837	101325.115	101325.102	101325.012	101325.186	0.011306584	0.439764214	0	0	0	0	3
273	330	0	2.63335435	101325.127	101325.101	101325.012	101325.186	0.011306584	0.439764214	0	0	0	0	3
274	331	0	2.64300034	101325.127	101325.1	101325.012	101325.186	0.011306584	0.439764214	0	0	0	0	3
275	332	0	2.65264633	101325.13	101325.1	101325.012	101325.186	0.011306584	0.439764214	0	0	0	0	3
276	332	0	2.66229231	101325.132	101325.101	101325.012	101325.186	0.011306584	0.439764214	0	0	0	0	3
277	333	0	2.6719383	101325.126	101325.103	101325.012	101325.186	0.011306584	0.439764214	0	0	0	0	3
278	334	0	2.68158429	101325.102	101325.105	101325.041	101325.186	0.011306584	0.439764214	0	0	0	0	3
279	334	0	2.69123027	101325.065	101325.105	101325.06	101325.186	0.011306584	0.439764214	0	0	0	0	3
280	335	0	2.70087626	101325.056	101325.105	101325.056	101325.186	0.011306584	0.439764214	0	0	0	0	3
281	335	0	2.71052225	101325.055	101325.105	101325.055	101325.186	0.011306584	0.439764214	0	0	0	0	3
282	336	0	2.72016823	101325.068	101325.105	101325.055	101325.186	0.0109471291	0.439764214	0	0	0	0	3
283	337	0	2.72981422	101325.068	101325.104	101325.055	101325.186	0.010080084	0.439764214	0	0	0	0	3
284	337	0	2.73946021	101325.064	101325.102	101325.055	101325.186	0.00928283797	0.439764214	0	0	0	0	3
285	338	0	2.74910619	101325.052	101325.099	101325.052	101325.18	0.00924018475	0.439764214	0	0	0	0	3
286	339	0	2.75875218	101325.05	101325.097	101325.05	101325.18	0.00924018475	0.439764214	0	0	0	0	3
287	339	0	2.76839817	101325.055	101325.095	101325.05	101325.18	0.0104253029	0.439764214	0	0	0	0	3
288	340	0	2.77804415	101325.07	101325.094	101325.05	101325.18	0.0113478409	0.439764214	0	0	0	0	3
289	340	0	2.78769014	101325.077	101325.094	101325.05	101325.18	0.0117376167	0.439764214	0	0	0	0	3
290	341	0	2.79733613	101325.092	101325.094	101325.05	101325.18	0.0117376167	0.439764214	0	0	0	0	3
291	342	0	2.80698211	101325.111	101325.095	101325.05	101325.18	0.0117376167	0.439764214	0	0	0	0	3
292	342	0	2.8166281	101325.15	101325.097	101325.05	101325.18	0.0117376167	0.439764214	0	0	0	0	3
293	343	0	2.82627409	101325.16	101325.099	101325.05	101325.18	0.0117376167	0.439764214	0	0	0	0	3
294	344	0	2.83592007	101325.142	101325.1	101325.05	101325.18	0.0117376167	0.439764214	0	0	0	0	3
295	344	0	2.84556606	101325.101	101325.099	101325.05	101325.18	0.0117376167	0.439764214	0	0	0	0	3
296	345	0	2.85521205	101325.071	101325.099	101325.05	101325.18	0.0117376167	0.439764214	0	0	0	0	3
297	345	0	2.86485803	101325.061	101325.098	101325.05	101325.18	0.0117376167	0.439764214	0	0	0	0	3
298	346	0	2.87450402	101325.058	101325.097	101325.05	101325.18	0.0117376167	0.439764214	0	0	0	0	3
299	347	0	2.88415001	101325.047	101325.096	101325.047	101325.18	0.0117376167	0.439764214	0	0	0	0	3
300	347	0	2.89379599	101325.045	101325.096	101325.045	101325.18	0.0117376167	0.439764214	0	0	0	0	3
301	350	0	2.90344198	101325.054	101325.096	101325.045	101325.18	0.0117376167	0.439764214	0	0	0	0	3
302	351	0	2.91308797	101325.081	101325.096	101325.045	101325.18	0.0117376167	0.439764214	0	0	0	0	3
303	352	0	2.92273395	101325.079	101325.095	101325.045	101325.18	0.0117376167	0.439764214	0	0	0	0	3
304	352	0	2.93237994	101325.063	101325.094	101325.045	101325.18	0.0121348251	0.439764214	0	0	0	0	3
305	353	0	2.94202593	101325.053	101325.091	101325.045	101325.177	0.0145746472	0.439764214	0	0	0	0	3
306	353	0	2.95167191	101325.058	101325.089	101325.045	101325.162	0.0168559997	0.439764214	0	0	0	0	3
307	354	0	2.9613179	101325.081	101325.087	101325.045	101325.16	0.0184207037	0.439764214	0	0	0	0	3
308	355	0	2.97096389	101325.093	101325.086	101325.045	101325.16	0.0193779055	0.439764214	0	0	0	0	3
309	355	0	2.98060987	101325.095	101325.086	101325.045	101325.16	0.0198866127	0.439764214	0	0	0	0	3
310	356	0	2.99025586	101325.105	101325.086	101325.045	101325.16	0.0198866127	0.439764214	0	0	0	0	3
311	356	0	2.99990185	101325.129	101325.087	101325.045	101325.16	0.0198866127	0.439764214	0	0	0	0	3
312	357	0	3.00954783	101325.154	101325.089	101325.045	101325.16	0.0198866127	0.439764214	0	0	0	0	3
313	358	0	3.01919382	101325.147	101325.09	101325.045	101325.16	0.0198866127	0.439764214	0	0	0	0	3
314	358	0	3.02883981	101325.11	101325.091	101325.045	101325.16	0.0198866127	0.439764214	0	0	0	0	3
315	359	0	3.03848579	101325.086	101325.09	101325.045	101325.16	0.0198866127	0.439764214	0	0	0	0	3
316	360	0	3.04813178	101325.09	101325.09	101325.045	101325.16	0.0198866127	0.439764214	0	0	0	0	3
317	360	0	3.05777777	101325.102	101325.09	101325.045	101325.16	0.0198866127	0.439764214	0	0	0	0	3
318	361	0	3.06742375	101325.108	101325.09	101325.045	101325.16	0.0198866127	0.439764214	0	0	0	0	3
319	361	0	3.07706974	101325.1	101325.09	101325.045	101325.16	0.0198866127	0.439764214	0	0	0	0	3
320	362	0	3.08671573	101325.091	101325.09	101325.045	101325.16	0.0192344566	0.439764214	0	0	0	0	3
321	363	0	3.09636171	101325.092	101325.091	101325.045	101325.16	0.0192344566	0.439764214	0	0	0	0	3
322	363	0	3.1060077	101325.109	101325.091	101325.045	101325.16	0.0192344566	0.439764214	0	0	0	0	3
323	364	0	3.11565369	101325.105	101325.092	101325.045	101325.16	0.0192344566	0.439764214	0	0	0	0	3
324	365	0	3.12529967	101325.085	101325.091	101325.045	101325.16	0.0192344566	0.439764214	0	0	0	0	3
325	365	0	3.13494566	101325.077	101325.09	101325.045	101325.16	0.0192344566	0.439764214	0	0	0	0	3
326	366	0	3.14459165	101325.081	101325.089	101325.045	101325.16	0.0192344566	0.439764214	0	0	0	0	3
327	366	0	3.15423763	101325.102	101325.089	101325.045	101325.16	0.0192344566	0.439764214	0	0	0	0	3
328	367	0	3.16388362	101325.107	101325.088	101325.045	101325.16	0.0192344566	0.439764214	0	0	0	0	3
329	368	0	3.17352961	101325.108	101325.088	101325.045	101325.16	0.0192344566	0.439764214	0	0	0	0	3
330	368	0	3.18317559	101325.105	101325.088	101325.045	101325.16	0.0192344566	0.439764214	0	0	0	0	3
331	369	0	3.19282158	101325.108	101325.089	101325.045	101325.16	0.0191020466	0.439764214	0	0	0	0	3
332	370	0	3.20246757	101325.11	101325.09	101325.045	101325.16	0.0188042953	0.439764214	0	0	0	0	3
333	370	0	3.21211355	101325.104	101325.091	101325.045	101325.16	0.0186306788	0.439764214	0	0	0	0	3
334	371	0	3.22175954	101325.083	101325.091	101325.045	101325.16	0.0177591346	0.439764214	0	0	0	0	3
335	371	0	3.23140553	101325.085	101325.091	101325.045	101325.16	0.0159260306	0.439764214	0	0	0	0	3
336	372	0	3.24105151	101325.106	101325.092	101325.045	101325.16	0.0136951126	0.439764214	0	0	0	0	3
337	373	0	3.2506975	101325.141	101325.094	101325.045	101325.16	0.0136951126	0.439764214	0	0	0	0	3
338	373	0	3.26034349	101325.165	101325.096	101325.045	101325.165	0.0136951126	0.439764214	0	0	0	0	3
339	374	0	3.26998947	101325.162	101325.098	101325.045	101325.165	0.0136951126	0.439764214	0	0	0	0	3
340	375	0	3.27963546	101325.146	101325.1	101325.045	101325.165	0.0136951126	0.439764214	0	0	0	0	3
341	375	0	3.28928145	101325.119	101325.1	101325.045	101325.165	0.0144363288	0.439764214	0	0	0	0	3
342	376	0	3.29892743	101325.095	101325.1	101325.045	101325.165	0.0144986163	0.439764214	0	0	0	0	3
343	376	0	3.30857342	101325.074	101325.1	101325.045	101325.165	0.0144986163	0.439764214	0	0	0	0	3
344	377	0	3.31821941	101325.062	101325.098	101325.045	101325.165	0.0144986163	0.439764214	0	0	0	0	3
345	378	0	3.32786539	101325.064	101325.096	101325.045	101325.165	0.0144986163	0.439764214	0	0	0	0	3
346	378	0	3.33751138	101325.082	101325.095	101325.045	101325.165	0.0144986163	0.439764214	0	0	0	0	3
347	379	0	3.34715737	101325.101	101325.095	101325.045	101325.165	0.0144986163	0.439764214	0	0	0	0	3
348	379	0	3.35680335	101325.12	101325.096	101325.045	101325.165	0.0144986163	0.439764214	0	0	0	0	3
349	380	0	3.36644934	101325.117	101325.097	101325.045	101325.165	0.0144986163	0.439764214	0	0	0	0	3
350	381	0	3.37609533	101325.13	101325.098	101325.045	101325.165	0.0144986163	0.439764214	0	0	0	0	3
351	381	0	3.38574131	101325.135	101325.1	101325.045	101325.165	0.0144986163	0.439764214	0	0	0	0	3
352	382	0	3.3953873	101325.135	101325.102	101325.053	101325.165	0.0159491261	0.439764214	0	0	0	0	3
353	383	0	3.40503329	101325.119	101325.103	101325.053	101325.165	0.0171983652	0.439764214	0	0	0	0	3
354	383	0	3.41467927	101325.094	101325.103	101325.053	101325.165	0.0174354861	0.439764214	0	0	0	0	3
355	384	0	3.42432526	101325.092	101325.104	101325.053	101325.165	0.0176792517	0.439764214	0	0	0	0	3
356	384	0	3.43397125	101325.1	101325.104	101325.053	101325.165	0.0183976393	0.439764214	0	0	0	0	3
357	385	0	3.44361723	101325.116	101325.105	101325.058	101325.165	0.019595866	0.439764214	0	0	0	0	3
358	386	0	3.45326322	101325.126	101325.107	101325.062	101325.165	0.0209069779	0.439764214	0	0	0	0	3
359	386	0	3.46290921	101325.115	101325.107	101325.062	101325.165	0.021559532	0.439764214	0	0	0	0	3
360	387	0	3.47255519	101325.111	101325.108	101325.062	101325.165	0.0219023478	0.439764214	0	0	0	0	3
361	388	0	3.48220118	101325.095	101325.108	101325.062	101325.165	0.0217294012	0.439764214	0	0	0	0	3
362	388	0	3.49184717	101325.088	101325.107	101325.062	101325.165	0.0205181962	0.439764214	0	0	0	0	3
363	389	0	3.50149315	101325.079	101325.106	101325.062	101325.165	0.0199976375	0.439764214	0	0	0	0	3
364	390	0	3.51113914	101325.079	101325.105	101325.062	101325.165	0.0199976375	0.439764214	0	0	0	0	3
365	390	0	3.52078513	101325.086	101325.104	101325.062	101325.165	0.0199976375	0.439764214	0	0	0	0	3
366	391	0	3.53043111	101325.116	101325.104	101325.062	101325.165	0.0199976375	0.439764214	0	0	0	0	3
367	391	0	3.5400771	101325.162	101325.105	101325.062	101325.165	0.0199976375	0.439764214	0	0	0	0	3
368	392	0	3.54972309	101325.19	101325.107	101325.062	101325.19	0.0199976375	0.439764214	0	0	0	0	3
369	393	0	3.55936907	101325.167	101325.109	101325.062	101325.19	0.0208681728	0.439764214	0	0	0	0	3
370	393	0	3.56901506	101325.13	101325.109	101325.062	101325.19	0.0212884711	0.439764214	0	0	0	0	3
371	394	0	3.57866105	101325.091	101325.109	101325.062	101325.19	0.0212884711	0.439764214	0	0	0	0	3
372	395	0	3.58830703	101325.066	101325.108	101325.062	101325.19	0.0212884711	0.439764214	0	0	0	0	3
373	395	0	3.59795302	101325.049	101325.108	101325.049	101325.19	0.0212884711	0.439764214	0	0	0	0	3
374	396	0	3.60759901	101325.043	101325.106	101325.043	101325.19	0.0212884711	0.439764214	0	0	0	0	3
375	396	0	3.61724499	101325.053	101325.105	101325.043	101325.19	0.0212884711	0.439764214	0	0	0	0	3
376	397	0	3.62689098	101325.071	101325.105	101325.043	101325.19	0.0212884711	0.439764214	0	0	0	0	3
377	398	0	3.63653697	101325.094	101325.105	101325.043	101325.19	0.0212884711	0.439764214	0	0	0	0	3
378	398	0	3.64618295	101325.122	101325.106	101325.043	101325.19	0.0212884711	0.439764214	0	0	0	0	3
379	399	0	3.65582894	101325.13	101325.107	101325.043	101325.19	0.0212884711	0.439764214	0	0	0	0	3
380	400	0	3.66547493	101325.127	101325.107	101325.043	101325.19	0.0212884711	0.439764214	0	0	0	0	3
381	400	0	3.67512091	101325.12	101325.107	101325.043	101325.19	0.0212376024	0.439764214	0	0	0	0	3
382	401	0	3.6847669	101325.112	101325.107	101325.043	101325.19	0.0204118596	0.439764214	0	0	0	0	3
383	401	0	3.69441289	101325.1	101325.107	101325.043	101325.19	0.0193832827	0.439764214	0	0	0	0	3
384	402	0	3.70405887	101325.077	101325.107	101325.043	101325.19	0.0184276584	0.439764214	0	0	0	0	3
385	403	0	3.71370486	101325.071	101325.106	101325.043	101325.19	0.018147881	0.439764214	0	0	0	0	3
386	403	0	3.72335085	101325.075	101325.106	101325.043	101325.19	0.0178231082	0.439764214	0	0	0	0	3
387	404	0	3.73299683	101325.094	101325.106	101325.043	101325.19	0.0170269685	0.439764214	0	0	0	0	3
388	404	0	3.74264282	101325.115	101325.106	101325.043	101325.19	0.0153070137	0.439764214	0	0	0	0	3
389	405	0	3.75228881	101325.118	101325.106	101325.043	101325.19	0.0140993297	0.439764214	0	0	0	0	3
390	406	0	3.76193479	101325.125	101325.105	101325.043	101325.19	0.0140993297	0.439764214	0	0	0	0	3
391	406	0	3.77158078	101325.125	101325.104	101325.043	101325.19	0.0140993297	0.439764214	0	0	0	0	3
392	407	0	3.78122677	101325.126	101325.104	101325.043	101325.19	0.0140993297	0.439764214	0	0	0	0	3
393	408	0	3.79087275	101325.103	101325.104	101325.043	101325.19	0.0140993297	0.439764214	0	0	0	0	3
394	408	0	3.80051874	101325.077	101325.103	101325.043	101325.19	0.0140993297	0.439764214	0	0	0	0	3
395	409	0	3.81016473	101325.089	101325.104	101325.043	101325.19	0.0140993297	0.439764214	0	0	0	0	3
396	409	0	3.81981071	101325.115	101325.105	101325.043	101325.19	0.0140993297	0.439764214	0	0	0	0	3
397	410	0	3.8294567	101325.159	101325.106	101325.043	101325.19	0.0140993297	0.439764214	0	0	0	0	3
398	411	0	3.83910269	101325.176	101325.108	101325.043	101325.19	0.0140914211	0.439764214	0	0	0	0	3
399	411	0	3.84874867	101325.164	101325.109	101325.043	101325.19	0.0134665073	0.439764214	0	0	0	0	3
400	412	0	3.85839466	101325.128	101325.11	101325.043	101325.19	0.0125319891	0.439764214	0	0	0	0	3
401	415	0	3.86804065	101325.082	101325.109	101325.043	101325.19	0.0111604102	0.439764214	0	0	0	0	3
402	416	0	3.87768663	101325.054	101325.107	101325.043	101325.19	0.00945422552	0.439764214	0	0	0	0	3
403	416	0	3.88733262	101325.039	101325.106	101325.039	101325.19	0.0077249638	0.439764214	0	0	0	0	3
404	417	0	3.89697861	101325.034	101325.104	101325.034	101325.19	0.00647572466	0.439764214	0	0	0	0	3
405	418	0	3.90662459	101325.038	101325.102	101325.034	101325.19	0.00749956135	0.439764214	0	0	0	0	3
406	418	0	3.91627058	101325.061	101325.101	101325.034	101325.19	0.00812704912	0.439764214	0	0	0	0	3
407	419	0	3.92591657	101325.095	101325.101	101325.034	101325.19	0.00812704912	0.439764214	0	0	0	0	3
408	420	0	3.93556255	101325.118	101325.102	101325.034	101325.19	0.00812704912	0.439764214	0	0	0	0	3
409	420	0	3.94520854	101325.114	101325.102	101325.034	101325.19	0.00812704912	0.439764214	0	0	0	0	3
410	421	0	3.95485453	101325.11	101325.101	101325.034	101325.19	0.00812704912	0.439764214	0	0	0	0	3
411	421	0	3.96450051	101325.102	101325.101	101325.034	101325.19	0.00831024878	0.439764214	0	0	0	0	3
412	422	0	3.9741465	101325.109	101325.101	101325.034	101325.19	0.0083373727	0.439764214	0	0	0	0	3
413	423	0	3.98379249	101325.125	101325.102	101325.034	101325.19	0.0083373727	0.439764214	0	0	0	0	3
414	423	0	3.99343847	101325.125	101325.103	101325.034	101325.19	0.0083373727	0.439764214	0	0	0	0	3
415	424	0	4.00308446	101325.13	101325.103	101325.034	101325.19	0.0083373727	0.439764214	0	0	0	0	3
