Iteration	CPUTime	PhysTime	Travels	Value	AvValue	MinValue	MaxValue	Delta	Criteria	PrevAvRefValue	Progress	CriteriaType	CriteriaVarType	CriteriaPercentage
1	7	0	0.00964598665	293.200406	293.200406	293.200406	293.200406	0	0	0	0	0	0	3
2	9	0	0.0192919733	293.20102	293.200713	293.200406	293.20102	0.000307154365	0	0	0	0	0	3
3	11	0	0.0289379599	293.201335	293.20092	293.200406	293.201335	0.000514441731	0	0	0	0	0	3
4	13	0	0.0385839466	293.201201	293.20099	293.200406	293.201335	0.000584665892	0	0	0	0	0	3
5	14	0	0.0482299332	293.200664	293.200925	293.200406	293.201335	0.000584665892	0	0	0	0	0	3
6	15	0	0.0578759199	293.199682	293.200718	293.199682	293.201335	0.000584665892	0	0	0	0	0	3
7	15	0	0.0675219065	293.199083	293.200484	293.199083	293.201335	0.000584665892	0	0	0	0	0	3
8	16	0	0.0771678932	293.198954	293.200293	293.198954	293.201335	0.000697188219	0	0	0	0	0	3
9	17	0	0.0868138798	293.199083	293.200159	293.198954	293.201335	0.000831663835	0	0	0	0	0	3
10	19	0	0.0964598665	293.199262	293.200069	293.198954	293.201335	0.000921360372	0	0	0	0	0	3
11	20	0	0.106105853	293.199461	293.200014	293.198954	293.201335	0.000976624179	0	0	0	0	0	3
12	20	0	0.11575184	293.199512	293.199972	293.198954	293.201335	0.00101842711	0	0	0	0	0	3
13	22	0	0.125397826	293.199492	293.199935	293.198954	293.201335	0.00105531967	0	0	0	0	0	3
14	23	0	0.135043813	293.199466	293.199901	293.198954	293.201335	0.00108883327	0	0	0	0	0	3
15	25	0	0.1446898	293.199453	293.199872	293.198954	293.201335	0.00111871885	0	0	0	0	0	3
16	27	0	0.154335786	293.199461	293.199846	293.198954	293.201335	0.00114434889	0	0	0	0	0	3
17	28	0	0.163981773	293.199468	293.199824	293.198954	293.201335	0.00116657967	0	0	0	0	0	3
18	30	0	0.17362776	293.199465	293.199804	293.198954	293.201335	0.00118651463	0	0	0	0	0	3
19	32	0	0.183273746	293.199464	293.199786	293.198954	293.201335	0.00120441035	0	0	0	0	0	3
20	33	0	0.192919733	293.199462	293.19977	293.198954	293.201335	0.0012206229	0	0	0	0	0	3
21	35	0	0.20256572	293.199455	293.199755	293.198954	293.201335	0.0012356103	0	0	0	0	0	3
22	37	0	0.212211706	293.199454	293.199741	293.198954	293.201335	0.00124929329	0	0	0	0	0	3
23	38	0	0.221857693	293.199451	293.199728	293.198954	293.201335	0.0012619128	0	0	0	0	0	3
24	40	0	0.23150368	293.199443	293.199716	293.198954	293.201335	0.00127380403	0	0	0	0	0	3
25	41	0	0.241149666	293.199444	293.199706	293.198954	293.201335	0.0012847208	0	0	0	0	0	3
26	43	0	0.250795653	293.199446	293.199696	293.198954	293.201335	0.00129471701	0	0	0	0	0	3
27	45	0	0.260441639	293.199457	293.199687	293.198954	293.201335	0.00130356771	0	0	0	0	0	3
28	46	0	0.270087626	293.199471	293.199679	293.198954	293.201335	0.00131125494	0	0	0	0	0	3
29	48	0	0.279733613	293.199484	293.199672	293.198954	293.201335	0.00131798857	0	0	0	0	0	3
30	50	0	0.289379599	293.199492	293.199666	293.198954	293.201335	0.0013240019	0	0	0	0	0	3
31	53	0	0.299025586	293.19951	293.199661	293.198954	293.201335	0.00132904273	0	0	0	0	0	3
32	56	0	0.308671573	293.199535	293.199657	293.198954	293.201335	0.00133300175	0	0	0	0	0	3
33	59	0	0.318317559	293.199554	293.199654	293.198954	293.201335	0.00133612925	0	0	0	0	0	3
34	62	0	0.327963546	293.199559	293.199651	293.198954	293.201335	0.00133892098	0	0	0	0	0	3
35	66	0	0.337609533	293.199563	293.199649	293.198954	293.201335	0.00134144493	0	0	0	0	0	3
36	69	0	0.347255519	293.199586	293.199647	293.198954	293.201335	0.00134320268	0	0	0	0	0	3
37	72	0	0.356901506	293.1996	293.199646	293.198954	293.201335	0.00134448021	0	0	0	0	0	3
38	76	0	0.366547493	293.199595	293.199644	293.198954	293.201335	0.00134582868	0	0	0	0	0	3
39	79	0	0.376193479	293.199595	293.199643	293.198954	293.201335	0.00134709717	0	0	0	0	0	3
40	82	0	0.385839466	293.199597	293.199642	293.198954	293.201335	0.00134824504	0	0	0	0	0	3
41	87	0	0.395485453	293.199611	293.199641	293.198954	293.201335	0.00134900025	0	0	0	0	0	3
42	90	0	0.405131439	293.199619	293.199641	293.198954	293.201335	0.00134951983	0	0	0	0	0	3
43	94	0	0.414777426	293.199613	293.19964	293.198954	293.201335	0.00135016135	0	0	0	0	0	3
44	98	0	0.424423413	293.199602	293.199639	293.198954	293.201335	0.00135103791	0	0	0	0	0	3
45	101	0	0.434069399	293.199592	293.199638	293.198954	293.201335	0.00135209765	0	0	0	0	0	3
46	105	0	0.443715386	293.19959	293.199637	293.198954	293.201335	0.00135313592	0	0	0	0	0	3
47	109	0	0.453361372	293.199599	293.199636	293.198954	293.201335	0.0013539569	0	0	0	0	0	3
48	112	0	0.463007359	293.199606	293.199636	293.198954	293.201335	0.00135459756	0	0	0	0	0	3
49	114	0	0.472653346	293.199604	293.199635	293.198954	293.201335	0.00135523591	0	0	0	0	0	3
50	114	0	0.482299332	293.199616	293.199635	293.198954	293.201335	0.00135561693	0	0	0	0	0	3
51	115	0	0.491945319	293.19962	293.199634	293.198954	293.201335	0.00135589713	0	0	0	0	0	3
52	115	0	0.501591306	293.19963	293.199634	293.198954	293.201335	0.00135597877	0	0	0	0	0	3
53	116	0	0.511237292	293.199632	293.199619	293.198954	293.201335	0.001370856	0	0	0	0	0	3
54	117	0	0.520883279	293.199608	293.199592	293.198954	293.201335	0.00139799963	0	0	0	0	0	3
55	117	0	0.530529266	293.199594	293.199559	293.198954	293.201201	0.00143146468	0	0	0	0	0	3
56	118	0	0.540175252	293.199589	293.199528	293.198954	293.200664	0.00139728244	0	0	0	0	0	3
57	119	0	0.549821239	293.199601	293.199507	293.198954	293.199682	0.000727828376	0	0	0	0	0	3
58	119	0	0.559467226	293.199609	293.199506	293.198954	293.199632	0.000677770278	0	0	0	0	0	3
59	120	0	0.569113212	293.199602	293.199516	293.198954	293.199632	0.000677770278	0	0	0	0	0	3
60	123	0	0.578759199	293.199602	293.199528	293.199083	293.199632	0.000549186914	0	0	0	0	0	3
61	126	0	0.588405186	293.199607	293.199538	293.199262	293.199632	0.000370347366	0	0	0	0	0	3
62	132	0	0.598051172	293.199625	293.199545	293.199443	293.199632	0.00018902063	0	0	0	0	0	3
63	136	0	0.607697159	293.199624	293.199549	293.199443	293.199632	0.00018902063	0	0	0	0	0	3
64	141	0	0.617343145	293.199604	293.19955	293.199443	293.199632	0.00018902063	0	0	0	0	0	3
65	145	0	0.626989132	293.199603	293.199552	293.199443	293.199632	0.00018902063	0	0	0	0	0	3
66	148	0	0.636635119	293.199615	293.199555	293.199443	293.199632	0.00018902063	0	0	0	0	0	3
67	152	0	0.646281105	293.199638	293.199559	293.199443	293.199638	0.000195474947	0	0	0	0	0	3
68	156	0	0.655927092	293.199647	293.199562	293.199443	293.199647	0.000204117636	0	0	0	0	0	3
69	161	0	0.665573079	293.199628	293.199566	293.199443	293.199647	0.000204117636	0	0	0	0	0	3
70	165	0	0.675219065	293.199617	293.199568	293.199443	293.199647	0.000204117636	0	0	0	0	0	3
71	169	0	0.684865052	293.199602	293.199571	293.199443	293.199647	0.000204117636	0	0	0	0	0	3
72	172	0	0.694511039	293.199599	293.199574	293.199443	293.199647	0.000204117636	0	0	0	0	0	3
73	177	0	0.704157025	293.199603	293.199577	293.199443	293.199647	0.000204117636	0	0	0	0	0	3
74	182	0	0.713803012	293.199598	293.199579	293.199443	293.199647	0.000204117636	0	0	0	0	0	3
75	186	0	0.723448999	293.199598	293.199582	293.199443	293.199647	0.000204117636	0	0	0	0	0	3
76	189	0	0.733094985	293.199611	293.199585	293.199444	293.199647	0.000199594777	0	0	0	0	0	3
77	192	0	0.742740972	293.199635	293.199589	293.199446	293.199647	0.000189598568	0	0	0	0	0	3
78	195	0	0.752386959	293.19964	293.199593	293.199457	293.199647	0.000180747869	0	0	0	0	0	3
79	195	0	0.762032945	293.199619	293.199596	293.199471	293.199647	0.000173060642	0	0	0	0	0	3
80	196	0	0.771678932	293.199604	293.199599	293.199484	293.199647	0.00016334552	0	0	0	0	0	3
81	197	0	0.781324918	293.199594	293.199601	293.199492	293.199647	0.000155203509	0	0	0	0	0	3
82	197	0	0.790970905	293.199602	293.199603	293.19951	293.199647	0.000137082837	0	0	0	0	0	3
83	198	0	0.800616892	293.19961	293.199605	293.199535	293.199647	0.00011254671	0	0	0	0	0	3
84	198	0	0.810262878	293.199604	293.199606	293.199554	293.199647	9.30242247e-05	0	0	0	0	0	3
85	199	0	0.819908865	293.199602	293.199607	293.199559	293.199647	8.78634116e-05	0	0	0	0	0	3
86	200	0	0.829554852	293.199603	293.199608	293.199563	293.199647	8.40740858e-05	0	0	0	0	0	3
87	200	0	0.839200838	293.199617	293.199609	293.199586	293.199647	6.15393625e-05	0	0	0	0	0	3
88	201	0	0.848846825	293.199622	293.19961	293.199589	293.199647	5.80587048e-05	0	0	0	0	0	3
89	202	0	0.858492812	293.199597	293.19961	293.199589	293.199647	5.80587048e-05	0	0	0	0	0	3
90	202	0	0.868138798	293.199579	293.199609	293.199579	293.199647	6.81994636e-05	0	0	0	0	0	3
91	203	0	0.877784785	293.199576	293.199609	293.199576	293.199647	7.09505983e-05	0	0	0	0	0	3
92	204	0	0.887430772	293.199598	293.199609	293.199576	293.199647	7.09505983e-05	0	0	0	0	0	3
93	204	0	0.897076758	293.199615	293.199609	293.199576	293.199647	7.09505983e-05	0	0	0	0	0	3
94	205	0	0.906722745	293.199612	293.199609	293.199576	293.199647	7.09505983e-05	0	0	0	0	0	3
95	206	0	0.916368732	293.199619	293.199609	293.199576	293.199647	7.09505983e-05	0	0	0	0	0	3
96	206	0	0.926014718	293.199628	293.199609	293.199576	293.199647	7.09505983e-05	0	0	0	0	0	3
97	207	0	0.935660705	293.199648	293.199611	293.199576	293.199648	7.14647771e-05	0	0	0	0	0	3
98	208	0	0.945306691	293.199646	293.199612	293.199576	293.199648	7.14647771e-05	0	0	0	0	0	3
99	209	0	0.954952678	293.199618	293.199612	293.199576	293.199648	7.14647771e-05	0	0	0	0	0	3
100	210	0	0.964598665	293.199599	293.199612	293.199576	293.199648	7.14647771e-05	0	0	0	0	0	3
101	213	0	0.974244651	293.19959	293.199612	293.199576	293.199648	7.14647771e-05	0	0	0	0	0	3
102	214	0	0.983890638	293.199601	293.199611	293.199576	293.199648	7.14647771e-05	0	0	0	0	0	3
103	215	0	0.993536625	293.199606	293.199611	293.199576	293.199648	7.14647771e-05	0	0	0	0	0	3
104	216	0	1.00318261	293.199598	293.19961	293.199576	293.199648	7.14647771e-05	7.14120808e-05	0	0	0	0	3
105	217	0	1.0128286	293.199594	293.19961	293.199576	293.199648	7.14647771e-05	7.14120808e-05	0	0	0	0	3
106	218	0	1.02247458	293.199598	293.199609	293.199576	293.199648	7.14647771e-05	7.14120808e-05	0	0	0	0	3
107	219	0	1.03212057	293.19962	293.19961	293.199576	293.199648	7.14647771e-05	7.14120808e-05	0	0	0	0	3
108	220	0	1.04176656	293.199621	293.199611	293.199576	293.199648	7.14647771e-05	7.14120808e-05	0	0	0	0	3
109	221	0	1.05141254	293.199598	293.19961	293.199576	293.199648	7.14647771e-05	7.14120808e-05	0	0	0	0	3
110	222	0	1.06105853	293.199593	293.19961	293.199576	293.199648	7.14647771e-05	7.14120808e-05	0	0	0	0	3
111	223	0	1.07070452	293.199597	293.19961	293.199576	293.199648	7.14647771e-05	7.14120808e-05	0	0	0	0	3
112	224	0	1.0803505	293.199626	293.199611	293.199576	293.199648	7.14647771e-05	7.14120808e-05	0	0	0	0	3
113	224	0	1.08999649	293.199645	293.199611	293.199576	293.199648	6.65084845e-05	7.14120808e-05	0	0	0	0	3
114	225	0	1.09964248	293.199639	293.199612	293.199576	293.199648	6.3380547e-05	7.14120808e-05	0	0	0	0	3
115	225	0	1.10928846	293.199636	293.199612	293.199576	293.199648	6.16183631e-05	7.14120808e-05	0	0	0	0	3
116	226	0	1.11893445	293.19963	293.199612	293.199576	293.199648	5.98345528e-05	7.14120808e-05	0	0	0	0	3
117	227	0	1.12858044	293.199634	293.199613	293.199576	293.199648	5.75497186e-05	7.14120808e-05	0	0	0	0	3
118	227	0	1.13822642	293.19962	293.199613	293.199576	293.199648	5.40966372e-05	7.14120808e-05	0	0	0	0	3
119	228	0	1.14787241	293.19959	293.199612	293.199576	293.199648	5.05271264e-05	7.14120808e-05	0	0	0	0	3
120	229	0	1.1575184	293.199582	293.199611	293.199576	293.199648	4.74441456e-05	7.14120808e-05	0	0	0	0	3
121	229	0	1.16716438	293.199585	293.19961	293.199576	293.199648	4.45226144e-05	7.14120808e-05	0	0	0	0	3
122	230	0	1.17681037	293.199606	293.19961	293.199576	293.199648	4.1863994e-05	7.14120808e-05	0	0	0	0	3
123	231	0	1.18645636	293.199619	293.19961	293.199576	293.199648	3.92141981e-05	7.14120808e-05	0	0	0	0	3
124	231	0	1.19610234	293.199611	293.19961	293.199576	293.199648	3.63577901e-05	7.14120808e-05	0	0	0	0	3
125	232	0	1.20574833	293.199609	293.19961	293.199576	293.199648	3.35805307e-05	7.14120808e-05	0	0	0	0	3
126	233	0	1.21539432	293.199607	293.199611	293.199576	293.199648	3.07461038e-05	7.14120808e-05	0	0	0	0	3
127	233	0	1.2250403	293.199614	293.199611	293.199576	293.199648	2.75151605e-05	7.14120808e-05	0	0	0	0	3
128	234	0	1.23468629	293.199612	293.199611	293.199576	293.199648	2.3840135e-05	7.14120808e-05	0	0	0	0	3
129	234	0	1.24433228	293.199595	293.19961	293.199576	293.199648	2.01047782e-05	7.14120808e-05	0	0	0	0	3
130	235	0	1.25397826	293.199597	293.199609	293.199576	293.199648	1.69904283e-05	7.14120808e-05	0	0	0	0	3
131	236	0	1.26362425	293.199609	293.199609	293.199576	293.199648	1.44458925e-05	7.14120808e-05	0	0	0	0	3
132	236	0	1.27327024	293.199636	293.19961	293.199576	293.199648	1.23209168e-05	7.14120808e-05	0	0	0	0	3
133	237	0	1.28291622	293.199653	293.199611	293.199576	293.199653	1.01950568e-05	7.14120808e-05	0	0	0	0	3
134	238	0	1.29256221	293.199646	293.199612	293.199576	293.199653	8.2655273e-06	7.14120808e-05	0	0	0	0	3
135	238	0	1.3022082	293.199638	293.199612	293.199576	293.199653	6.92692589e-06	7.14120808e-05	0	0	0	0	3
136	239	0	1.31185418	293.199626	293.199613	293.199576	293.199653	6.00509463e-06	7.14120808e-05	0	0	0	0	3
137	240	0	1.32150017	293.19962	293.199613	293.199576	293.199653	5.1918642e-06	7.14120808e-05	0	0	0	0	3
138	240	0	1.33114616	293.199606	293.199613	293.199576	293.199653	4.28532519e-06	7.14120808e-05	0	0	0	0	3
139	241	0	1.34079214	293.199587	293.199612	293.199576	293.199653	4.28532519e-06	7.14120808e-05	0	0	0	0	3
140	242	0	1.35043813	293.199586	293.199612	293.199576	293.199653	4.28532519e-06	7.14120808e-05	0	0	0	0	3
141	242	0	1.36008412	293.19959	293.199612	293.199576	293.199653	4.28532519e-06	7.14120808e-05	0	0	0	0	3
142	243	0	1.3697301	293.199608	293.199612	293.199576	293.199653	4.28532519e-06	7.14120808e-05	0	0	0	0	3
143	244	0	1.37937609	293.199614	293.199613	293.199582	293.199653	4.28532519e-06	7.14120808e-05	0	0	0	0	3
144	244	0	1.38902208	293.199606	293.199613	293.199582	293.199653	4.33475003e-06	7.14120808e-05	0	0	0	0	3
145	245	0	1.39866806	293.199598	293.199613	293.199582	293.199653	4.33475003e-06	7.14120808e-05	0	0	0	0	3
146	245	0	1.40831405	293.199593	293.199612	293.199582	293.199653	4.21570047e-06	7.14120808e-05	0	0	0	0	3
147	246	0	1.41796004	293.1996	293.199612	293.199582	293.199653	3.98373589e-06	7.14120808e-05	0	0	0	0	3
148	247	0	1.42760602	293.199606	293.199612	293.199582	293.199653	3.98373589e-06	7.14120808e-05	0	0	0	0	3
149	247	0	1.43725201	293.199603	293.199611	293.199582	293.199653	3.98373589e-06	7.14120808e-05	0	0	0	0	3
150	248	0	1.446898	293.199612	293.19961	293.199582	293.199653	3.98373589e-06	7.14120808e-05	0	0	0	0	3
151	249	0	1.45654398	293.199614	293.19961	293.199582	293.199653	3.98373589e-06	7.14120808e-05	0	0	0	0	3
152	249	0	1.46618997	293.199637	293.199611	293.199582	293.199653	3.98373589e-06	7.14120808e-05	0	0	0	0	3
153	250	0	1.47583596	293.199648	293.199612	293.199582	293.199653	3.98373589e-06	7.14120808e-05	0	0	0	0	3
154	250	0	1.48548194	293.19963	293.199612	293.199582	293.199653	3.98373589e-06	7.14120808e-05	0	0	0	0	3
155	251	0	1.49512793	293.199611	293.199613	293.199582	293.199653	3.98373589e-06	7.14120808e-05	0	0	0	0	3
156	252	0	1.50477392	293.199599	293.199613	293.199582	293.199653	3.98373589e-06	7.14120808e-05	0	0	0	0	3
157	252	0	1.5144199	293.199605	293.199613	293.199582	293.199653	3.98373589e-06	7.14120808e-05	0	0	0	0	3
158	253	0	1.52406589	293.199613	293.199613	293.199582	293.199653	3.98373589e-06	7.14120808e-05	0	0	0	0	3
159	253	0	1.53371188	293.199603	293.199613	293.199582	293.199653	3.98373589e-06	7.14120808e-05	0	0	0	0	3
160	254	0	1.54335786	293.199603	293.199612	293.199582	293.199653	3.98373589e-06	7.14120808e-05	0	0	0	0	3
161	255	0	1.55300385	293.199604	293.199613	293.199582	293.199653	3.98373589e-06	7.14120808e-05	0	0	0	0	3
162	255	0	1.56264984	293.199621	293.199613	293.199582	293.199653	3.98373589e-06	7.14120808e-05	0	0	0	0	3
163	256	0	1.57229582	293.199625	293.199614	293.199582	293.199653	4.44842385e-06	7.14120808e-05	0	0	0	0	3
164	256	0	1.58194181	293.199605	293.199613	293.199582	293.199653	4.44842385e-06	7.14120808e-05	0	0	0	0	3
165	257	0	1.5915878	293.19959	293.199612	293.199582	293.199653	4.44842385e-06	7.14120808e-05	0	0	0	0	3
166	258	0	1.60123378	293.199587	293.199611	293.199582	293.199653	4.44842385e-06	7.14120808e-05	0	0	0	0	3
167	258	0	1.61087977	293.199605	293.19961	293.199582	293.199653	4.44842385e-06	7.14120808e-05	0	0	0	0	3
168	259	0	1.62052576	293.199623	293.19961	293.199582	293.199653	4.44842385e-06	7.14120808e-05	0	0	0	0	3
169	259	0	1.63017174	293.199622	293.19961	293.199582	293.199653	4.44842385e-06	7.14120808e-05	0	0	0	0	3
170	260	0	1.63981773	293.199628	293.19961	293.199582	293.199653	4.44842385e-06	7.14120808e-05	0	0	0	0	3
171	261	0	1.64946372	293.199634	293.199611	293.199582	293.199653	4.44842385e-06	7.14120808e-05	0	0	0	0	3
172	262	0	1.6591097	293.199654	293.199612	293.199585	293.199654	4.44842385e-06	7.14120808e-05	0	0	0	0	3
173	262	0	1.66875569	293.199649	293.199614	293.199586	293.199654	4.56810409e-06	7.14120808e-05	0	0	0	0	3
174	263	0	1.67840168	293.19962	293.199614	293.199586	293.199654	4.84922759e-06	7.14120808e-05	0	0	0	0	3
175	264	0	1.68804766	293.199601	293.199614	293.199586	293.199654	4.84922759e-06	7.14120808e-05	0	0	0	0	3
176	265	0	1.69769365	293.199593	293.199613	293.199586	293.199654	4.84922759e-06	7.14120808e-05	0	0	0	0	3
177	266	0	1.70733964	293.199608	293.199613	293.199586	293.199654	4.84922759e-06	7.14120808e-05	0	0	0	0	3
178	266	0	1.71698562	293.199617	293.199613	293.199586	293.199654	4.84922759e-06	7.14120808e-05	0	0	0	0	3
179	267	0	1.72663161	293.199613	293.199613	293.199586	293.199654	4.84922759e-06	7.14120808e-05	0	0	0	0	3
180	268	0	1.7362776	293.199617	293.199614	293.199586	293.199654	4.84922759e-06	7.14120808e-05	0	0	0	0	3
181	269	0	1.74592358	293.199622	293.199614	293.199586	293.199654	4.97115099e-06	7.14120808e-05	0	0	0	0	3
182	270	0	1.75556957	293.199634	293.199615	293.199586	293.199654	5.69364767e-06	7.14120808e-05	0	0	0	0	3
183	271	0	1.76521556	293.199632	293.199615	293.199586	293.199654	5.52416253e-06	7.14120808e-05	0	0	0	0	3
184	272	0	1.77486154	293.199607	293.199615	293.199586	293.199654	5.2463476e-06	7.14120808e-05	0	0	0	0	3
185	272	0	1.78450753	293.199587	293.199613	293.199586	293.199654	5.2463476e-06	7.14120808e-05	0	0	0	0	3
186	273	0	1.79415352	293.199582	293.199612	293.199582	293.199654	5.2463476e-06	7.14120808e-05	0	0	0	0	3
187	274	0	1.8037995	293.199601	293.199612	293.199582	293.199654	5.2463476e-06	7.14120808e-05	0	0	0	0	3
188	275	0	1.81344549	293.199612	293.199611	293.199582	293.199654	5.2463476e-06	7.14120808e-05	0	0	0	0	3
189	276	0	1.82309148	293.199599	293.199611	293.199582	293.199654	5.2463476e-06	7.14120808e-05	0	0	0	0	3
190	276	0	1.83273746	293.199602	293.199611	293.199582	293.199654	5.2463476e-06	7.14120808e-05	0	0	0	0	3
191	277	0	1.84238345	293.199608	293.199611	293.199582	293.199654	5.2463476e-06	7.14120808e-05	0	0	0	0	3
192	278	0	1.85202944	293.199628	293.199612	293.199582	293.199654	5.2463476e-06	7.14120808e-05	0	0	0	0	3
193	278	0	1.86167542	293.199631	293.199613	293.199582	293.199654	5.2463476e-06	7.14120808e-05	0	0	0	0	3
194	279	0	1.87132141	293.199608	293.199613	293.199582	293.199654	5.2463476e-06	7.14120808e-05	0	0	0	0	3
195	279	0	1.8809674	293.199597	293.199612	293.199582	293.199654	5.2463476e-06	7.14120808e-05	0	0	0	0	3
196	280	0	1.89061338	293.19959	293.199612	293.199582	293.199654	5.2463476e-06	7.14120808e-05	0	0	0	0	3
197	281	0	1.90025937	293.199609	293.199612	293.199582	293.199654	5.2463476e-06	7.14120808e-05	0	0	0	0	3
198	281	0	1.90990536	293.199619	293.199613	293.199582	293.199654	5.2463476e-06	7.14120808e-05	0	0	0	0	3
199	282	0	1.91955134	293.199609	293.199613	293.199582	293.199654	5.2463476e-06	7.14120808e-05	0	0	0	0	3
200	282	0	1.92919733	293.199613	293.199613	293.199582	293.199654	5.2463476e-06	7.14120808e-05	0	0	0	0	3
201	286	0	1.93884332	293.19962	293.199613	293.199582	293.199654	5.2463476e-06	7.14120808e-05	0	0	0	0	3
202	286	0	1.9484893	293.199635	293.199614	293.199582	293.199654	5.2463476e-06	7.14120808e-05	0	0	0	0	3
203	287	0	1.95813529	293.199631	293.199614	293.199582	293.199654	5.16774907e-06	7.14120808e-05	0	0	0	0	3
204	288	0	1.96778128	293.1996	293.199614	293.199582	293.199654	5.16774907e-06	7.14120808e-05	0	0	0	0	3
205	288	0	1.97742726	293.19958	293.199612	293.19958	293.199654	5.16774907e-06	7.14120808e-05	0	0	0	0	3
206	289	0	1.98707325	293.199575	293.199611	293.199575	293.199654	5.16774907e-06	7.14120808e-05	0	0	0	0	3
207	290	0	1.99671924	293.199593	293.199611	293.199575	293.199654	5.16774907e-06	7.14120808e-05	0	0	0	0	3
208	290	0	2.00636522	293.199604	293.199611	293.199575	293.199654	5.16774907e-06	7.14120808e-05	0	0	0	0	3
209	291	0	2.01601121	293.199595	293.199611	293.199575	293.199654	5.16774907e-06	7.14120808e-05	0	0	0	0	3
210	291	0	2.0256572	293.1996	293.19961	293.199575	293.199654	5.16774907e-06	7.14120808e-05	0	0	0	0	3
211	292	0	2.03530318	293.199604	293.19961	293.199575	293.199654	5.16774907e-06	7.14120808e-05	0	0	0	0	3
212	293	0	2.04494917	293.199619	293.199611	293.199575	293.199654	5.16774907e-06	7.14120808e-05	0	0	0	0	3
213	293	0	2.05459516	293.199622	293.199611	293.199575	293.199654	5.16774907e-06	7.14120808e-05	0	0	0	0	3
214	294	0	2.06424114	293.199602	293.199611	293.199575	293.199654	5.16774907e-06	7.14120808e-05	0	0	0	0	3
215	294	0	2.07388713	293.199591	293.19961	293.199575	293.199654	5.21845999e-06	7.14120808e-05	0	0	0	0	3
216	295	0	2.08353312	293.199588	293.19961	293.199575	293.199654	5.54077269e-06	7.14120808e-05	0	0	0	0	3
217	296	0	2.0931791	293.199609	293.19961	293.199575	293.199654	5.54077269e-06	7.14120808e-05	0	0	0	0	3
218	296	0	2.10282509	293.199628	293.199611	293.199575	293.199654	5.54077269e-06	7.14120808e-05	0	0	0	0	3
219	297	0	2.11247108	293.199627	293.199611	293.199575	293.199654	5.54077269e-06	7.14120808e-05	0	0	0	0	3
220	297	0	2.12211706	293.199634	293.199612	293.199575	293.199654	5.54077269e-06	7.14120808e-05	0	0	0	0	3
221	298	0	2.13176305	293.199637	293.199612	293.199575	293.199654	5.54077269e-06	7.14120808e-05	0	0	0	0	3
222	299	0	2.14140904	293.199643	293.199612	293.199575	293.199654	5.54077269e-06	7.14120808e-05	0	0	0	0	3
223	299	0	2.15105502	293.199631	293.199612	293.199575	293.199654	5.54077269e-06	7.14120808e-05	0	0	0	0	3
224	300	0	2.16070101	293.199598	293.199611	293.199575	293.199649	5.54077269e-06	7.14120808e-05	0	0	0	0	3
225	301	0	2.170347	293.199579	293.19961	293.199575	293.199643	5.60788448e-06	7.14120808e-05	0	0	0	0	3
226	301	0	2.17999298	293.199576	293.199609	293.199575	293.199643	6.46517958e-06	7.14120808e-05	0	0	0	0	3
227	302	0	2.18963897	293.199597	293.199609	293.199575	293.199643	6.55008824e-06	7.14120808e-05	0	0	0	0	3
228	303	0	2.19928496	293.199612	293.199609	293.199575	293.199643	6.55008824e-06	7.14120808e-05	0	0	0	0	3
229	303	0	2.20893094	293.199601	293.199609	293.199575	293.199643	6.55008824e-06	7.14120808e-05	0	0	0	0	3
230	304	0	2.21857693	293.199602	293.199609	293.199575	293.199643	6.63360078e-06	7.14120808e-05	0	0	0	0	3
231	304	0	2.22822292	293.199614	293.199609	293.199575	293.199643	6.63360078e-06	7.14120808e-05	0	0	0	0	3
232	305	0	2.2378689	293.199639	293.199609	293.199575	293.199643	6.63360078e-06	7.14120808e-05	0	0	0	0	3
233	306	0	2.24751489	293.199647	293.19961	293.199575	293.199647	6.63360078e-06	7.14120808e-05	0	0	0	0	3
234	306	0	2.25716088	293.199631	293.199609	293.199575	293.199647	6.63360078e-06	7.14120808e-05	0	0	0	0	3
235	307	0	2.26680686	293.199621	293.199609	293.199575	293.199647	6.08530615e-06	7.14120808e-05	0	0	0	0	3
236	307	0	2.27645285	293.199608	293.199609	293.199575	293.199647	5.57178379e-06	7.14120808e-05	0	0	0	0	3
237	308	0	2.28609884	293.199608	293.19961	293.199575	293.199647	5.57178379e-06	7.14120808e-05	0	0	0	0	3
238	309	0	2.29574482	293.199611	293.19961	293.199575	293.199647	5.57178379e-06	7.14120808e-05	0	0	0	0	3
239	309	0	2.30539081	293.199598	293.19961	293.199575	293.199647	5.57178379e-06	7.14120808e-05	0	0	0	0	3
240	310	0	2.3150368	293.199597	293.19961	293.199575	293.199647	5.57178379e-06	7.14120808e-05	0	0	0	0	3
241	311	0	2.32468278	293.199597	293.19961	293.199575	293.199647	5.57178379e-06	7.14120808e-05	0	0	0	0	3
242	311	0	2.33432877	293.199615	293.19961	293.199575	293.199647	5.57178379e-06	7.14120808e-05	0	0	0	0	3
243	312	0	2.34397476	293.199628	293.19961	293.199575	293.199647	5.57178379e-06	7.14120808e-05	0	0	0	0	3
244	312	0	2.35362074	293.199615	293.19961	293.199575	293.199647	5.57178379e-06	7.14120808e-05	0	0	0	0	3
245	313	0	2.36326673	293.199606	293.19961	293.199575	293.199647	5.57178379e-06	7.14120808e-05	0	0	0	0	3
246	314	0	2.37291272	293.199601	293.19961	293.199575	293.199647	5.57178379e-06	7.14120808e-05	0	0	0	0	3
247	314	0	2.3825587	293.199611	293.19961	293.199575	293.199647	5.57178379e-06	7.14120808e-05	0	0	0	0	3
248	315	0	2.39220469	293.199607	293.19961	293.199575	293.199647	5.57178379e-06	7.14120808e-05	0	0	0	0	3
249	315	0	2.40185068	293.199595	293.19961	293.199575	293.199647	5.57178379e-06	7.14120808e-05	0	0	0	0	3
250	316	0	2.41149666	293.199601	293.19961	293.199575	293.199647	5.57178379e-06	7.14120808e-05	0	0	0	0	3
251	317	0	2.42114265	293.199613	293.19961	293.199575	293.199647	5.57178379e-06	7.14120808e-05	0	0	0	0	3
252	317	0	2.43078864	293.199641	293.19961	293.199575	293.199647	5.57178379e-06	7.14120808e-05	0	0	0	0	3
253	318	0	2.44043462	293.199653	293.199611	293.199575	293.199653	5.57178379e-06	7.14120808e-05	0	0	0	0	3
254	319	0	2.45008061	293.199637	293.199611	293.199575	293.199653	5.57178379e-06	7.14120808e-05	0	0	0	0	3
255	319	0	2.4597266	293.199628	293.199611	293.199575	293.199653	4.85884533e-06	7.14120808e-05	0	0	0	0	3
256	320	0	2.46937258	293.199618	293.199611	293.199575	293.199653	3.55260772e-06	7.14120808e-05	0	0	0	0	3
257	320	0	2.47901857	293.199613	293.199612	293.199575	293.199653	3.50472936e-06	7.14120808e-05	0	0	0	0	3
258	321	0	2.48866456	293.199608	293.199613	293.199576	293.199653	3.86466837e-06	7.14120808e-05	0	0	0	0	3
259	322	0	2.49831054	293.199589	293.199612	293.199576	293.199653	3.86466837e-06	7.14120808e-05	0	0	0	0	3
260	322	0	2.50795653	293.199591	293.199612	293.199576	293.199653	3.86466837e-06	7.14120808e-05	0	0	0	0	3
261	323	0	2.51760252	293.199597	293.199612	293.199576	293.199653	3.86466837e-06	7.14120808e-05	0	0	0	0	3
262	324	0	2.5272485	293.19962	293.199613	293.199576	293.199653	3.97607323e-06	7.14120808e-05	0	0	0	0	3
263	324	0	2.53689449	293.199627	293.199613	293.199576	293.199653	4.43262013e-06	7.14120808e-05	0	0	0	0	3
264	325	0	2.54654048	293.199619	293.199613	293.199576	293.199653	4.43737468e-06	7.14120808e-05	0	0	0	0	3
265	326	0	2.55618646	293.199609	293.199613	293.199576	293.199653	4.43737468e-06	7.14120808e-05	0	0	0	0	3
266	326	0	2.56583245	293.199605	293.199613	293.199576	293.199653	4.43737468e-06	7.14120808e-05	0	0	0	0	3
267	327	0	2.57547843	293.199613	293.199613	293.199576	293.199653	4.66418925e-06	7.14120808e-05	0	0	0	0	3
268	327	0	2.58512442	293.199612	293.199614	293.199576	293.199653	5.1217371e-06	7.14120808e-05	0	0	0	0	3
269	328	0	2.59477041	293.199596	293.199614	293.199576	293.199653	5.1217371e-06	7.14120808e-05	0	0	0	0	3
270	329	0	2.60441639	293.1996	293.199613	293.199576	293.199653	5.1217371e-06	7.14120808e-05	0	0	0	0	3
271	329	0	2.61406238	293.199606	293.199613	293.199576	293.199653	5.1217371e-06	7.14120808e-05	0	0	0	0	3
272	330	0	2.62370837	293.199625	293.199612	293.199576	293.199653	5.1217371e-06	7.14120808e-05	0	0	0	0	3
273	330	0	2.63335435	293.199634	293.199612	293.199576	293.199653	5.1217371e-06	7.14120808e-05	0	0	0	0	3
274	331	0	2.64300034	293.199625	293.199612	293.199576	293.199653	5.1217371e-06	7.14120808e-05	0	0	0	0	3
275	332	0	2.65264633	293.19962	293.199612	293.199576	293.199653	5.1217371e-06	7.14120808e-05	0	0	0	0	3
276	332	0	2.66229231	293.199615	293.199612	293.199576	293.199653	5.1217371e-06	7.14120808e-05	0	0	0	0	3
277	333	0	2.6719383	293.199618	293.199613	293.199576	293.199653	5.1217371e-06	7.14120808e-05	0	0	0	0	3
278	334	0	2.68158429	293.199614	293.199614	293.199589	293.199653	5.1217371e-06	7.14120808e-05	0	0	0	0	3
279	334	0	2.69123027	293.199593	293.199614	293.199589	293.199653	5.1217371e-06	7.14120808e-05	0	0	0	0	3
280	335	0	2.70087626	293.199592	293.199613	293.199589	293.199653	5.1217371e-06	7.14120808e-05	0	0	0	0	3
281	335	0	2.71052225	293.199589	293.199613	293.199589	293.199653	5.1217371e-06	7.14120808e-05	0	0	0	0	3
282	336	0	2.72016823	293.199606	293.199613	293.199589	293.199653	5.09681763e-06	7.14120808e-05	0	0	0	0	3
283	337	0	2.72981422	293.199612	293.199613	293.199589	293.199653	4.68616565e-06	7.14120808e-05	0	0	0	0	3
284	337	0	2.73946021	293.199602	293.199612	293.199589	293.199653	4.50114038e-06	7.14120808e-05	0	0	0	0	3
285	338	0	2.74910619	293.199587	293.199611	293.199587	293.199653	4.50114038e-06	7.14120808e-05	0	0	0	0	3
286	339	0	2.75875218	293.199583	293.19961	293.199583	293.199653	4.50114038e-06	7.14120808e-05	0	0	0	0	3
287	339	0	2.76839817	293.199594	293.19961	293.199583	293.199653	4.48174154e-06	7.14120808e-05	0	0	0	0	3
288	340	0	2.77804415	293.19961	293.19961	293.199583	293.199653	4.1271341e-06	7.14120808e-05	0	0	0	0	3
289	340	0	2.78769014	293.199605	293.19961	293.199583	293.199653	4.15553416e-06	7.14120808e-05	0	0	0	0	3
290	341	0	2.79733613	293.199608	293.19961	293.199583	293.199653	4.21714662e-06	7.14120808e-05	0	0	0	0	3
291	342	0	2.80698211	293.199612	293.19961	293.199583	293.199653	4.21714662e-06	7.14120808e-05	0	0	0	0	3
292	342	0	2.8166281	293.199638	293.199611	293.199583	293.199653	4.21714662e-06	7.14120808e-05	0	0	0	0	3
293	343	0	2.82627409	293.199641	293.199611	293.199583	293.199653	4.21714662e-06	7.14120808e-05	0	0	0	0	3
294	344	0	2.83592007	293.19962	293.199612	293.199583	293.199653	4.21714662e-06	7.14120808e-05	0	0	0	0	3
295	344	0	2.84556606	293.199599	293.199611	293.199583	293.199653	4.21714662e-06	7.14120808e-05	0	0	0	0	3
296	345	0	2.85521205	293.19959	293.199611	293.199583	293.199653	4.21714662e-06	7.14120808e-05	0	0	0	0	3
297	345	0	2.86485803	293.199596	293.19961	293.199583	293.199653	4.21714662e-06	7.14120808e-05	0	0	0	0	3
298	346	0	2.87450402	293.199602	293.19961	293.199583	293.199653	4.21714662e-06	7.14120808e-05	0	0	0	0	3
299	347	0	2.88415001	293.199589	293.19961	293.199583	293.199653	4.21714662e-06	7.14120808e-05	0	0	0	0	3
300	347	0	2.89379599	293.19959	293.19961	293.199583	293.199653	4.21714662e-06	7.14120808e-05	0	0	0	0	3
301	350	0	2.90344198	293.199593	293.19961	293.199583	293.199653	4.2310524e-06	7.14120808e-05	0	0	0	0	3
302	351	0	2.91308797	293.199614	293.19961	293.199583	293.199653	4.2310524e-06	7.14120808e-05	0	0	0	0	3
303	352	0	2.92273395	293.199613	293.19961	293.199583	293.199653	4.2310524e-06	7.14120808e-05	0	0	0	0	3
304	352	0	2.93237994	293.199598	293.199609	293.199583	293.199653	4.82276778e-06	7.14120808e-05	0	0	0	0	3
305	353	0	2.94202593	293.199588	293.199608	293.199583	293.199641	6.08544843e-06	7.14120808e-05	0	0	0	0	3
306	353	0	2.95167191	293.199584	293.199607	293.199583	293.199641	7.11049353e-06	7.14120808e-05	0	0	0	0	3
307	354	0	2.9613179	293.199604	293.199606	293.199583	293.199641	7.5709487e-06	7.14120808e-05	0	0	0	0	3
308	355	0	2.97096389	293.199617	293.199606	293.199583	293.199641	7.57658785e-06	7.14120808e-05	0	0	0	0	3
309	355	0	2.98060987	293.19961	293.199606	293.199583	293.199641	7.63301341e-06	7.14120808e-05	0	0	0	0	3
310	356	0	2.99025586	293.199613	293.199606	293.199583	293.199641	7.63301341e-06	7.14120808e-05	0	0	0	0	3
311	356	0	2.99990185	293.199621	293.199607	293.199583	293.199641	7.63301341e-06	7.14120808e-05	0	0	0	0	3
312	357	0	3.00954783	293.199638	293.199608	293.199583	293.199641	7.63301341e-06	7.14120808e-05	0	0	0	0	3
313	358	0	3.01919382	293.199634	293.199608	293.199583	293.199641	7.63301341e-06	7.14120808e-05	0	0	0	0	3
314	358	0	3.02883981	293.199611	293.199608	293.199583	293.199641	7.63301341e-06	7.14120808e-05	0	0	0	0	3
315	359	0	3.03848579	293.199601	293.199608	293.199583	293.199641	7.63301341e-06	7.14120808e-05	0	0	0	0	3
316	360	0	3.04813178	293.199602	293.199607	293.199583	293.199641	7.63301341e-06	7.14120808e-05	0	0	0	0	3
317	360	0	3.05777777	293.199616	293.199608	293.199583	293.199641	7.63301341e-06	7.14120808e-05	0	0	0	0	3
318	361	0	3.06742375	293.199626	293.199608	293.199583	293.199641	7.63301341e-06	7.14120808e-05	0	0	0	0	3
319	361	0	3.07706974	293.199615	293.199608	293.199583	293.199641	7.63301341e-06	7.14120808e-05	0	0	0	0	3
320	362	0	3.08671573	293.199608	293.199608	293.199583	293.199641	7.48093703e-06	7.14120808e-05	0	0	0	0	3
321	363	0	3.09636171	293.19961	293.199608	293.199583	293.199641	7.48093703e-06	7.14120808e-05	0	0	0	0	3
322	363	0	3.1060077	293.199621	293.199609	293.199583	293.199641	7.48093703e-06	7.14120808e-05	0	0	0	0	3
323	364	0	3.11565369	293.199619	293.199609	293.199583	293.199641	7.48093703e-06	7.14120808e-05	0	0	0	0	3
324	365	0	3.12529967	293.199599	293.199608	293.199583	293.199641	7.48093703e-06	7.14120808e-05	0	0	0	0	3
325	365	0	3.13494566	293.199592	293.199608	293.199583	293.199641	7.48093703e-06	7.14120808e-05	0	0	0	0	3
326	366	0	3.14459165	293.199595	293.199607	293.199583	293.199641	7.48093703e-06	7.14120808e-05	0	0	0	0	3
327	366	0	3.15423763	293.199616	293.199607	293.199583	293.199641	7.48093703e-06	7.14120808e-05	0	0	0	0	3
328	367	0	3.16388362	293.199627	293.199607	293.199583	293.199641	7.48093703e-06	7.14120808e-05	0	0	0	0	3
329	368	0	3.17352961	293.199615	293.199607	293.199583	293.199641	7.48093703e-06	7.14120808e-05	0	0	0	0	3
330	368	0	3.18317559	293.19961	293.199607	293.199583	293.199641	7.39908813e-06	7.14120808e-05	0	0	0	0	3
331	369	0	3.19282158	293.199607	293.199607	293.199583	293.199641	7.01267732e-06	7.14120808e-05	0	0	0	0	3
332	370	0	3.20246757	293.199616	293.199608	293.199583	293.199641	6.86817594e-06	7.14120808e-05	0	0	0	0	3
333	370	0	3.21211355	293.199616	293.199608	293.199583	293.199641	6.86817594e-06	7.14120808e-05	0	0	0	0	3
334	371	0	3.22175954	293.199598	293.199608	293.199583	293.199641	6.82112551e-06	7.14120808e-05	0	0	0	0	3
335	371	0	3.23140553	293.199596	293.199608	293.199583	293.199641	6.11137744e-06	7.14120808e-05	0	0	0	0	3
336	372	0	3.24105151	293.199608	293.199608	293.199583	293.199641	5.42437601e-06	7.14120808e-05	0	0	0	0	3
337	373	0	3.2506975	293.199631	293.199609	293.199583	293.199641	5.42437601e-06	7.14120808e-05	0	0	0	0	3
338	373	0	3.26034349	293.199646	293.19961	293.199584	293.199646	5.42437601e-06	7.14120808e-05	0	0	0	0	3
339	374	0	3.26998947	293.199632	293.199611	293.199584	293.199646	5.42437601e-06	7.14120808e-05	0	0	0	0	3
340	375	0	3.27963546	293.19962	293.199611	293.199584	293.199646	5.42437601e-06	7.14120808e-05	0	0	0	0	3
341	375	0	3.28928145	293.199605	293.199611	293.199584	293.199646	5.42437601e-06	7.14120808e-05	0	0	0	0	3
342	376	0	3.29892743	293.199609	293.199611	293.199584	293.199646	5.42437601e-06	7.14120808e-05	0	0	0	0	3
343	376	0	3.30857342	293.199609	293.199611	293.199584	293.199646	5.42437601e-06	7.14120808e-05	0	0	0	0	3
344	377	0	3.31821941	293.199596	293.19961	293.199584	293.199646	5.42437601e-06	7.14120808e-05	0	0	0	0	3
345	378	0	3.32786539	293.199596	293.199609	293.199584	293.199646	5.42437601e-06	7.14120808e-05	0	0	0	0	3
346	378	0	3.33751138	293.199608	293.199609	293.199584	293.199646	4.87085453e-06	7.14120808e-05	0	0	0	0	3
347	379	0	3.34715737	293.199622	293.199609	293.199584	293.199646	4.82134135e-06	7.14120808e-05	0	0	0	0	3
348	379	0	3.35680335	293.199634	293.19961	293.199584	293.199646	4.82134135e-06	7.14120808e-05	0	0	0	0	3
349	380	0	3.36644934	293.199619	293.199611	293.199584	293.199646	4.82134135e-06	7.14120808e-05	0	0	0	0	3
350	381	0	3.37609533	293.199621	293.199611	293.199584	293.199646	4.96856853e-06	7.14120808e-05	0	0	0	0	3
351	381	0	3.38574131	293.199614	293.199612	293.199584	293.199646	5.44810649e-06	7.14120808e-05	0	0	0	0	3
352	382	0	3.3953873	293.199621	293.199612	293.199584	293.199646	6.05636768e-06	7.14120808e-05	0	0	0	0	3
353	383	0	3.40503329	293.199621	293.199613	293.199584	293.199646	6.59374837e-06	7.14120808e-05	0	0	0	0	3
354	383	0	3.41467927	293.199605	293.199613	293.199584	293.199646	6.59374837e-06	7.14120808e-05	0	0	0	0	3
355	384	0	3.42432526	293.199601	293.199612	293.199584	293.199646	6.59374837e-06	7.14120808e-05	0	0	0	0	3
356	384	0	3.43397125	293.199605	293.199612	293.199584	293.199646	6.59374837e-06	7.14120808e-05	0	0	0	0	3
357	385	0	3.44361723	293.199622	293.199613	293.199584	293.199646	6.98036553e-06	7.14120808e-05	0	0	0	0	3
358	386	0	3.45326322	293.199632	293.199614	293.199592	293.199646	7.89659731e-06	7.14120808e-05	0	0	0	0	3
359	386	0	3.46290921	293.199615	293.199614	293.199592	293.199646	8.09811831e-06	7.14120808e-05	0	0	0	0	3
360	387	0	3.47255519	293.199608	293.199614	293.199592	293.199646	8.09811831e-06	7.14120808e-05	0	0	0	0	3
361	388	0	3.48220118	293.199594	293.199614	293.199592	293.199646	8.00016892e-06	7.14120808e-05	0	0	0	0	3
362	388	0	3.49184717	293.199601	293.199614	293.199592	293.199646	7.38307341e-06	7.14120808e-05	0	0	0	0	3
363	389	0	3.50149315	293.199602	293.199613	293.199592	293.199646	7.30058514e-06	7.14120808e-05	0	0	0	0	3
364	390	0	3.51113914	293.199597	293.199612	293.199592	293.199646	7.30058514e-06	7.14120808e-05	0	0	0	0	3
365	390	0	3.52078513	293.199596	293.199612	293.199592	293.199646	7.30058514e-06	7.14120808e-05	0	0	0	0	3
366	391	0	3.53043111	293.199611	293.199612	293.199592	293.199646	7.30058514e-06	7.14120808e-05	0	0	0	0	3
367	391	0	3.5400771	293.199639	293.199612	293.199592	293.199646	7.30058514e-06	7.14120808e-05	0	0	0	0	3
368	392	0	3.54972309	293.199653	293.199613	293.199592	293.199653	7.30058514e-06	7.14120808e-05	0	0	0	0	3
369	393	0	3.55936907	293.199627	293.199614	293.199592	293.199653	7.30058514e-06	7.14120808e-05	0	0	0	0	3
370	393	0	3.56901506	293.199608	293.199613	293.199592	293.199653	7.30058514e-06	7.14120808e-05	0	0	0	0	3
371	394	0	3.57866105	293.19959	293.199613	293.19959	293.199653	7.30058514e-06	7.14120808e-05	0	0	0	0	3
372	395	0	3.58830703	293.199594	293.199613	293.19959	293.199653	7.30058514e-06	7.14120808e-05	0	0	0	0	3
373	395	0	3.59795302	293.199595	293.199612	293.19959	293.199653	7.30058514e-06	7.14120808e-05	0	0	0	0	3
374	396	0	3.60759901	293.199588	293.199612	293.199588	293.199653	7.30058514e-06	7.14120808e-05	0	0	0	0	3
375	396	0	3.61724499	293.199587	293.199611	293.199587	293.199653	7.30058514e-06	7.14120808e-05	0	0	0	0	3
376	397	0	3.62689098	293.199598	293.199611	293.199587	293.199653	7.30058514e-06	7.14120808e-05	0	0	0	0	3
377	398	0	3.63653697	293.199619	293.199611	293.199587	293.199653	7.30058514e-06	7.14120808e-05	0	0	0	0	3
378	398	0	3.64618295	293.199635	293.199612	293.199587	293.199653	7.30058514e-06	7.14120808e-05	0	0	0	0	3
379	399	0	3.65582894	293.199622	293.199612	293.199587	293.199653	7.20591459e-06	7.14120808e-05	0	0	0	0	3
380	400	0	3.66547493	293.199611	293.199612	293.199587	293.199653	7.20591459e-06	7.14120808e-05	0	0	0	0	3
381	400	0	3.67512091	293.199606	293.199612	293.199587	293.199653	7.20591459e-06	7.14120808e-05	0	0	0	0	3
382	401	0	3.6847669	293.199615	293.199612	293.199587	293.199653	6.92375045e-06	7.14120808e-05	0	0	0	0	3
383	401	0	3.69441289	293.199612	293.199612	293.199587	293.199653	6.45042263e-06	7.14120808e-05	0	0	0	0	3
384	402	0	3.70405887	293.199597	293.199612	293.199587	293.199653	6.41661472e-06	7.14120808e-05	0	0	0	0	3
385	403	0	3.71370486	293.199595	293.199611	293.199587	293.199653	6.41661472e-06	7.14120808e-05	0	0	0	0	3
386	403	0	3.72335085	293.199599	293.199611	293.199587	293.199653	6.41661472e-06	7.14120808e-05	0	0	0	0	3
387	404	0	3.73299683	293.199616	293.199612	293.199587	293.199653	6.30071304e-06	7.14120808e-05	0	0	0	0	3
388	404	0	3.74264282	293.199628	293.199612	293.199587	293.199653	5.44359739e-06	7.14120808e-05	0	0	0	0	3
389	405	0	3.75228881	293.199619	293.199612	293.199587	293.199653	5.23829038e-06	7.14120808e-05	0	0	0	0	3
390	406	0	3.76193479	293.199619	293.199611	293.199587	293.199653	5.23829038e-06	7.14120808e-05	0	0	0	0	3
391	406	0	3.77158078	293.199613	293.199611	293.199587	293.199653	5.23829038e-06	7.14120808e-05	0	0	0	0	3
392	407	0	3.78122677	293.199623	293.199611	293.199587	293.199653	5.23829038e-06	7.14120808e-05	0	0	0	0	3
393	408	0	3.79087275	293.199616	293.199611	293.199587	293.199653	5.23829038e-06	7.14120808e-05	0	0	0	0	3
394	408	0	3.80051874	293.199598	293.199611	293.199587	293.199653	5.23829038e-06	7.14120808e-05	0	0	0	0	3
395	409	0	3.81016473	293.199599	293.199611	293.199587	293.199653	5.23829038e-06	7.14120808e-05	0	0	0	0	3
396	409	0	3.81981071	293.19961	293.199611	293.199587	293.199653	5.23829038e-06	7.14120808e-05	0	0	0	0	3
397	410	0	3.8294567	293.199641	293.199612	293.199587	293.199653	5.23829038e-06	7.14120808e-05	0	0	0	0	3
398	411	0	3.83910269	293.199654	293.199613	293.199587	293.199654	4.80062533e-06	7.14120808e-05	0	0	0	0	3
399	411	0	3.84874867	293.199636	293.199613	293.199587	293.199654	3.9497221e-06	7.14120808e-05	0	0	0	0	3
400	412	0	3.85839466	293.199617	293.199613	293.199587	293.199654	3.49939131e-06	7.14120808e-05	0	0	0	0	3
401	415	0	3.86804065	293.199599	293.199612	293.199587	293.199654	3.41012401e-06	7.14120808e-05	0	0	0	0	3
402	416	0	3.87768663	293.199596	293.199612	293.199587	293.199654	3.41012401e-06	7.14120808e-05	0	0	0	0	3
403	416	0	3.88733262	293.199595	293.199612	293.199587	293.199654	3.41012401e-06	7.14120808e-05	0	0	0	0	3
404	417	0	3.89697861	293.199584	293.199611	293.199584	293.199654	3.41012401e-06	7.14120808e-05	0	0	0	0	3
405	418	0	3.90662459	293.199583	293.19961	293.199583	293.199654	4.09097328e-06	7.14120808e-05	0	0	0	0	3
406	418	0	3.91627058	293.199595	293.19961	293.199583	293.199654	4.27865524e-06	7.14120808e-05	0	0	0	0	3
407	419	0	3.92591657	293.199617	293.19961	293.199583	293.199654	4.27865524e-06	7.14120808e-05	0	0	0	0	3
408	420	0	3.93556255	293.199631	293.199611	293.199583	293.199654	4.27865524e-06	7.14120808e-05	0	0	0	0	3
409	420	0	3.94520854	293.199613	293.199611	293.199583	293.199654	4.27865524e-06	7.14120808e-05	0	0	0	0	3
410	421	0	3.95485453	293.199605	293.19961	293.199583	293.199654	4.27865524e-06	7.14120808e-05	0	0	0	0	3
411	421	0	3.96450051	293.199599	293.19961	293.199583	293.199654	4.2803963e-06	7.14120808e-05	0	0	0	0	3
412	422	0	3.9741465	293.199613	293.19961	293.199583	293.199654	3.986379e-06	7.14120808e-05	0	0	0	0	3
413	423	0	3.98379249	293.199623	293.19961	293.199583	293.199654	3.8327492e-06	7.14120808e-05	0	0	0	0	3
414	423	0	3.99343847	293.199613	293.199611	293.199583	293.199654	3.8327492e-06	7.14120808e-05	0	0	0	0	3
415	424	0	4.00308446	293.199614	293.199611	293.199583	293.199654	3.8327492e-06	7.14120808e-05	0	0	0	0	3
