Iteration	CPUTime	PhysTime	Travels	Value	AvValue	MinValue	MaxValue	Delta	Criteria	PrevAvRefValue	Progress	CriteriaType	CriteriaVarType	CriteriaPercentage
1	7	0	0.00964598665	0	0	0	0	0	0	0	0	0	0	3
2	9	0	0.0192919733	0	0	0	0	0	0	0	0	0	0	3
3	11	0	0.0289379599	0	0	0	0	0	0	0	0	0	0	3
4	13	0	0.0385839466	0	0	0	0	0	0	0	0	0	0	3
5	14	0	0.0482299332	0	0	0	0	0	0	0	0	0	0	3
6	15	0	0.0578759199	0	0	0	0	0	0	0	0	0	0	3
7	15	0	0.0675219065	0	0	0	0	0	0	0	0	0	0	3
8	16	0	0.0771678932	0	0	0	0	0	0	0	0	0	0	3
9	17	0	0.0868138798	0	0	0	0	0	0	0	0	0	0	3
10	19	0	0.0964598665	0	0	0	0	0	0	0	0	0	0	3
11	20	0	0.106105853	0	0	0	0	0	0	0	0	0	0	3
12	20	0	0.11575184	0	0	0	0	0	0	0	0	0	0	3
13	22	0	0.125397826	0	0	0	0	0	0	0	0	0	0	3
14	23	0	0.135043813	0	0	0	0	0	0	0	0	0	0	3
15	25	0	0.1446898	0	0	0	0	0	0	0	0	0	0	3
16	27	0	0.154335786	0	0	0	0	0	0	0	0	0	0	3
17	28	0	0.163981773	0	0	0	0	0	0	0	0	0	0	3
18	30	0	0.17362776	0	0	0	0	0	0	0	0	0	0	3
19	32	0	0.183273746	0	0	0	0	0	0	0	0	0	0	3
20	33	0	0.192919733	0	0	0	0	0	0	0	0	0	0	3
21	35	0	0.20256572	0	0	0	0	0	0	0	0	0	0	3
22	37	0	0.212211706	0	0	0	0	0	0	0	0	0	0	3
23	38	0	0.221857693	0	0	0	0	0	0	0	0	0	0	3
24	40	0	0.23150368	0	0	0	0	0	0	0	0	0	0	3
25	41	0	0.241149666	0	0	0	0	0	0	0	0	0	0	3
26	43	0	0.250795653	0	0	0	0	0	0	0	0	0	0	3
27	45	0	0.260441639	0	0	0	0	0	0	0	0	0	0	3
28	46	0	0.270087626	0	0	0	0	0	0	0	0	0	0	3
29	48	0	0.279733613	0	0	0	0	0	0	0	0	0	0	3
30	50	0	0.289379599	0	0	0	0	0	0	0	0	0	0	3
31	53	0	0.299025586	0	0	0	0	0	0	0	0	0	0	3
32	56	0	0.308671573	0	0	0	0	0	0	0	0	0	0	3
33	59	0	0.318317559	0	0	0	0	0	0	0	0	0	0	3
34	62	0	0.327963546	0	0	0	0	0	0	0	0	0	0	3
35	66	0	0.337609533	0	0	0	0	0	0	0	0	0	0	3
36	69	0	0.347255519	0	0	0	0	0	0	0	0	0	0	3
37	72	0	0.356901506	0	0	0	0	0	0	0	0	0	0	3
38	76	0	0.366547493	0	0	0	0	0	0	0	0	0	0	3
39	79	0	0.376193479	0	0	0	0	0	0	0	0	0	0	3
40	82	0	0.385839466	0	0	0	0	0	0	0	0	0	0	3
41	87	0	0.395485453	0	0	0	0	0	0	0	0	0	0	3
42	90	0	0.405131439	0	0	0	0	0	0	0	0	0	0	3
43	94	0	0.414777426	0	0	0	0	0	0	0	0	0	0	3
44	98	0	0.424423413	0	0	0	0	0	0	0	0	0	0	3
45	101	0	0.434069399	0	0	0	0	0	0	0	0	0	0	3
46	105	0	0.443715386	0	0	0	0	0	0	0	0	0	0	3
47	109	0	0.453361372	0	0	0	0	0	0	0	0	0	0	3
48	112	0	0.463007359	0	0	0	0	0	0	0	0	0	0	3
49	114	0	0.472653346	0	0	0	0	0	0	0	0	0	0	3
50	114	0	0.482299332	0	0	0	0	0	0	0	0	0	0	3
51	115	0	0.491945319	0	0	0	0	0	0	0	0	0	0	3
52	115	0	0.501591306	0	0	0	0	0	0	0	0	0	0	3
53	116	0	0.511237292	0	0	0	0	0	0	0	0	0	0	3
54	117	0	0.520883279	0	0	0	0	0	0	0	0	0	0	3
55	117	0	0.530529266	0	0	0	0	0	0	0	0	0	0	3
56	118	0	0.540175252	0	0	0	0	0	0	0	0	0	0	3
57	119	0	0.549821239	0	0	0	0	0	0	0	0	0	0	3
58	119	0	0.559467226	0	0	0	0	0	0	0	0	0	0	3
59	120	0	0.569113212	0	0	0	0	0	0	0	0	0	0	3
60	123	0	0.578759199	0	0	0	0	0	0	0	0	0	0	3
61	126	0	0.588405186	0	0	0	0	0	0	0	0	0	0	3
62	132	0	0.598051172	0	0	0	0	0	0	0	0	0	0	3
63	136	0	0.607697159	0	0	0	0	0	0	0	0	0	0	3
64	141	0	0.617343145	0	0	0	0	0	0	0	0	0	0	3
65	145	0	0.626989132	0	0	0	0	0	0	0	0	0	0	3
66	148	0	0.636635119	0	0	0	0	0	0	0	0	0	0	3
67	152	0	0.646281105	0	0	0	0	0	0	0	0	0	0	3
68	156	0	0.655927092	0	0	0	0	0	0	0	0	0	0	3
69	161	0	0.665573079	0	0	0	0	0	0	0	0	0	0	3
70	165	0	0.675219065	0	0	0	0	0	0	0	0	0	0	3
71	169	0	0.684865052	0	0	0	0	0	0	0	0	0	0	3
72	172	0	0.694511039	0	0	0	0	0	0	0	0	0	0	3
73	177	0	0.704157025	0	0	0	0	0	0	0	0	0	0	3
74	182	0	0.713803012	0	0	0	0	0	0	0	0	0	0	3
75	186	0	0.723448999	0	0	0	0	0	0	0	0	0	0	3
76	189	0	0.733094985	0	0	0	0	0	0	0	0	0	0	3
77	192	0	0.742740972	0	0	0	0	0	0	0	0	0	0	3
78	195	0	0.752386959	0	0	0	0	0	0	0	0	0	0	3
79	195	0	0.762032945	0	0	0	0	0	0	0	0	0	0	3
80	196	0	0.771678932	0	0	0	0	0	0	0	0	0	0	3
81	197	0	0.781324918	0	0	0	0	0	0	0	0	0	0	3
82	197	0	0.790970905	0	0	0	0	0	0	0	0	0	0	3
83	198	0	0.800616892	0	0	0	0	0	0	0	0	0	0	3
84	198	0	0.810262878	0	0	0	0	0	0	0	0	0	0	3
85	199	0	0.819908865	0	0	0	0	0	0	0	0	0	0	3
86	200	0	0.829554852	0	0	0	0	0	0	0	0	0	0	3
87	200	0	0.839200838	0	0	0	0	0	0	0	0	0	0	3
88	201	0	0.848846825	0	0	0	0	0	0	0	0	0	0	3
89	202	0	0.858492812	0	0	0	0	0	0	0	0	0	0	3
90	202	0	0.868138798	0	0	0	0	0	0	0	0	0	0	3
91	203	0	0.877784785	0	0	0	0	0	0	0	0	0	0	3
92	204	0	0.887430772	0	0	0	0	0	0	0	0	0	0	3
93	204	0	0.897076758	0	0	0	0	0	0	0	0	0	0	3
94	205	0	0.906722745	0	0	0	0	0	0	0	0	0	0	3
95	206	0	0.916368732	0	0	0	0	0	0	0	0	0	0	3
96	206	0	0.926014718	0	0	0	0	0	0	0	0	0	0	3
97	207	0	0.935660705	0	0	0	0	0	0	0	0	0	0	3
98	208	0	0.945306691	0	0	0	0	0	0	0	0	0	0	3
99	209	0	0.954952678	0	0	0	0	0	0	0	0	0	0	3
100	210	0	0.964598665	0	0	0	0	0	0	0	0	0	0	3
101	213	0	0.974244651	0	0	0	0	0	0	0	0	0	0	3
102	214	0	0.983890638	0	0	0	0	0	0	0	0	0	0	3
103	215	0	0.993536625	0	0	0	0	0	0	0	0	0	0	3
104	216	0	1.00318261	0	0	0	0	0	5e-06	0	0	0	0	3
105	217	0	1.0128286	0	0	0	0	0	5e-06	0	0	0	0	3
106	218	0	1.02247458	0	0	0	0	0	5e-06	0	0	0	0	3
107	219	0	1.03212057	0	0	0	0	0	5e-06	0	0	0	0	3
108	220	0	1.04176656	0	0	0	0	0	5e-06	0	0	0	0	3
109	221	0	1.05141254	0	0	0	0	0	5e-06	0	0	0	0	3
110	222	0	1.06105853	0	0	0	0	0	5e-06	0	0	0	0	3
111	223	0	1.07070452	0	0	0	0	0	5e-06	0	0	0	0	3
112	224	0	1.0803505	0	0	0	0	0	5e-06	0	0	0	0	3
113	224	0	1.08999649	0	0	0	0	0	5e-06	0	0	0	0	3
114	225	0	1.09964248	0	0	0	0	0	5e-06	0	0	0	0	3
115	225	0	1.10928846	0	0	0	0	0	5e-06	0	0	0	0	3
116	226	0	1.11893445	0	0	0	0	0	5e-06	0	0	0	0	3
117	227	0	1.12858044	0	0	0	0	0	5e-06	0	0	0	0	3
118	227	0	1.13822642	0	0	0	0	0	5e-06	0	0	0	0	3
119	228	0	1.14787241	0	0	0	0	0	5e-06	0	0	0	0	3
120	229	0	1.1575184	0	0	0	0	0	5e-06	0	0	0	0	3
121	229	0	1.16716438	0	0	0	0	0	5e-06	0	0	0	0	3
122	230	0	1.17681037	0	0	0	0	0	5e-06	0	0	0	0	3
123	231	0	1.18645636	0	0	0	0	0	5e-06	0	0	0	0	3
124	231	0	1.19610234	0	0	0	0	0	5e-06	0	0	0	0	3
125	232	0	1.20574833	0	0	0	0	0	5e-06	0	0	0	0	3
126	233	0	1.21539432	0	0	0	0	0	5e-06	0	0	0	0	3
127	233	0	1.2250403	0	0	0	0	0	5e-06	0	0	0	0	3
128	234	0	1.23468629	0	0	0	0	0	5e-06	0	0	0	0	3
129	234	0	1.24433228	0	0	0	0	0	5e-06	0	0	0	0	3
130	235	0	1.25397826	0	0	0	0	0	5e-06	0	0	0	0	3
131	236	0	1.26362425	0	0	0	0	0	5e-06	0	0	0	0	3
132	236	0	1.27327024	0	0	0	0	0	5e-06	0	0	0	0	3
133	237	0	1.28291622	0	0	0	0	0	5e-06	0	0	0	0	3
134	238	0	1.29256221	0	0	0	0	0	5e-06	0	0	0	0	3
135	238	0	1.3022082	0	0	0	0	0	5e-06	0	0	0	0	3
136	239	0	1.31185418	0	0	0	0	0	5e-06	0	0	0	0	3
137	240	0	1.32150017	0	0	0	0	0	5e-06	0	0	0	0	3
138	240	0	1.33114616	0	0	0	0	0	5e-06	0	0	0	0	3
139	241	0	1.34079214	0	0	0	0	0	5e-06	0	0	0	0	3
140	242	0	1.35043813	0	0	0	0	0	5e-06	0	0	0	0	3
141	242	0	1.36008412	0	0	0	0	0	5e-06	0	0	0	0	3
142	243	0	1.3697301	0	0	0	0	0	5e-06	0	0	0	0	3
143	244	0	1.37937609	0	0	0	0	0	5e-06	0	0	0	0	3
144	244	0	1.38902208	0	0	0	0	0	5e-06	0	0	0	0	3
145	245	0	1.39866806	0	0	0	0	0	5e-06	0	0	0	0	3
146	245	0	1.40831405	0	0	0	0	0	5e-06	0	0	0	0	3
147	246	0	1.41796004	0	0	0	0	0	5e-06	0	0	0	0	3
148	247	0	1.42760602	0	0	0	0	0	5e-06	0	0	0	0	3
149	247	0	1.43725201	0	0	0	0	0	5e-06	0	0	0	0	3
150	248	0	1.446898	0	0	0	0	0	5e-06	0	0	0	0	3
151	249	0	1.45654398	0	0	0	0	0	5e-06	0	0	0	0	3
152	249	0	1.46618997	0	0	0	0	0	5e-06	0	0	0	0	3
153	250	0	1.47583596	0	0	0	0	0	5e-06	0	0	0	0	3
154	250	0	1.48548194	0	0	0	0	0	5e-06	0	0	0	0	3
155	251	0	1.49512793	0	0	0	0	0	5e-06	0	0	0	0	3
156	252	0	1.50477392	0	0	0	0	0	5e-06	0	0	0	0	3
157	252	0	1.5144199	0	0	0	0	0	5e-06	0	0	0	0	3
158	253	0	1.52406589	0	0	0	0	0	5e-06	0	0	0	0	3
159	253	0	1.53371188	0	0	0	0	0	5e-06	0	0	0	0	3
160	254	0	1.54335786	0	0	0	0	0	5e-06	0	0	0	0	3
161	255	0	1.55300385	0	0	0	0	0	5e-06	0	0	0	0	3
162	255	0	1.56264984	0	0	0	0	0	5e-06	0	0	0	0	3
163	256	0	1.57229582	0	0	0	0	0	5e-06	0	0	0	0	3
164	256	0	1.58194181	0	0	0	0	0	5e-06	0	0	0	0	3
165	257	0	1.5915878	0	0	0	0	0	5e-06	0	0	0	0	3
166	258	0	1.60123378	0	0	0	0	0	5e-06	0	0	0	0	3
167	258	0	1.61087977	0	0	0	0	0	5e-06	0	0	0	0	3
168	259	0	1.62052576	0	0	0	0	0	5e-06	0	0	0	0	3
169	259	0	1.63017174	0	0	0	0	0	5e-06	0	0	0	0	3
170	260	0	1.63981773	0	0	0	0	0	5e-06	0	0	0	0	3
171	261	0	1.64946372	0	0	0	0	0	5e-06	0	0	0	0	3
172	262	0	1.6591097	0	0	0	0	0	5e-06	0	0	0	0	3
173	262	0	1.66875569	0	0	0	0	0	5e-06	0	0	0	0	3
174	263	0	1.67840168	0	0	0	0	0	5e-06	0	0	0	0	3
175	264	0	1.68804766	0	0	0	0	0	5e-06	0	0	0	0	3
176	265	0	1.69769365	0	0	0	0	0	5e-06	0	0	0	0	3
177	266	0	1.70733964	0	0	0	0	0	5e-06	0	0	0	0	3
178	266	0	1.71698562	0	0	0	0	0	5e-06	0	0	0	0	3
179	267	0	1.72663161	0	0	0	0	0	5e-06	0	0	0	0	3
180	268	0	1.7362776	0	0	0	0	0	5e-06	0	0	0	0	3
181	269	0	1.74592358	0	0	0	0	0	5e-06	0	0	0	0	3
182	270	0	1.75556957	0	0	0	0	0	5e-06	0	0	0	0	3
183	271	0	1.76521556	0	0	0	0	0	5e-06	0	0	0	0	3
184	272	0	1.77486154	0	0	0	0	0	5e-06	0	0	0	0	3
185	272	0	1.78450753	0	0	0	0	0	5e-06	0	0	0	0	3
186	273	0	1.79415352	0	0	0	0	0	5e-06	0	0	0	0	3
187	274	0	1.8037995	0	0	0	0	0	5e-06	0	0	0	0	3
188	275	0	1.81344549	0	0	0	0	0	5e-06	0	0	0	0	3
189	276	0	1.82309148	0	0	0	0	0	5e-06	0	0	0	0	3
190	276	0	1.83273746	0	0	0	0	0	5e-06	0	0	0	0	3
191	277	0	1.84238345	0	0	0	0	0	5e-06	0	0	0	0	3
192	278	0	1.85202944	0	0	0	0	0	5e-06	0	0	0	0	3
193	278	0	1.86167542	0	0	0	0	0	5e-06	0	0	0	0	3
194	279	0	1.87132141	0	0	0	0	0	5e-06	0	0	0	0	3
195	279	0	1.8809674	0	0	0	0	0	5e-06	0	0	0	0	3
196	280	0	1.89061338	0	0	0	0	0	5e-06	0	0	0	0	3
197	281	0	1.90025937	0	0	0	0	0	5e-06	0	0	0	0	3
198	281	0	1.90990536	0	0	0	0	0	5e-06	0	0	0	0	3
199	282	0	1.91955134	0	0	0	0	0	5e-06	0	0	0	0	3
200	282	0	1.92919733	0	0	0	0	0	5e-06	0	0	0	0	3
201	286	0	1.93884332	0	0	0	0	0	5e-06	0	0	0	0	3
202	286	0	1.9484893	0	0	0	0	0	5e-06	0	0	0	0	3
203	287	0	1.95813529	0	0	0	0	0	5e-06	0	0	0	0	3
204	288	0	1.96778128	0	0	0	0	0	5e-06	0	0	0	0	3
205	288	0	1.97742726	0	0	0	0	0	5e-06	0	0	0	0	3
206	289	0	1.98707325	0	0	0	0	0	5e-06	0	0	0	0	3
207	290	0	1.99671924	0	0	0	0	0	5e-06	0	0	0	0	3
208	290	0	2.00636522	0	0	0	0	0	5e-06	0	0	0	0	3
209	291	0	2.01601121	0	0	0	0	0	5e-06	0	0	0	0	3
210	291	0	2.0256572	0	0	0	0	0	5e-06	0	0	0	0	3
211	292	0	2.03530318	0	0	0	0	0	5e-06	0	0	0	0	3
212	293	0	2.04494917	0	0	0	0	0	5e-06	0	0	0	0	3
213	293	0	2.05459516	0	0	0	0	0	5e-06	0	0	0	0	3
214	294	0	2.06424114	0	0	0	0	0	5e-06	0	0	0	0	3
215	294	0	2.07388713	0	0	0	0	0	5e-06	0	0	0	0	3
216	295	0	2.08353312	0	0	0	0	0	5e-06	0	0	0	0	3
217	296	0	2.0931791	0	0	0	0	0	5e-06	0	0	0	0	3
218	296	0	2.10282509	0	0	0	0	0	5e-06	0	0	0	0	3
219	297	0	2.11247108	0	0	0	0	0	5e-06	0	0	0	0	3
220	297	0	2.12211706	0	0	0	0	0	5e-06	0	0	0	0	3
221	298	0	2.13176305	0	0	0	0	0	5e-06	0	0	0	0	3
222	299	0	2.14140904	0	0	0	0	0	5e-06	0	0	0	0	3
223	299	0	2.15105502	0	0	0	0	0	5e-06	0	0	0	0	3
224	300	0	2.16070101	0	0	0	0	0	5e-06	0	0	0	0	3
225	301	0	2.170347	0	0	0	0	0	5e-06	0	0	0	0	3
226	301	0	2.17999298	0	0	0	0	0	5e-06	0	0	0	0	3
227	302	0	2.18963897	0	0	0	0	0	5e-06	0	0	0	0	3
228	303	0	2.19928496	0	0	0	0	0	5e-06	0	0	0	0	3
229	303	0	2.20893094	0	0	0	0	0	5e-06	0	0	0	0	3
230	304	0	2.21857693	0	0	0	0	0	5e-06	0	0	0	0	3
231	304	0	2.22822292	0	0	0	0	0	5e-06	0	0	0	0	3
232	305	0	2.2378689	0	0	0	0	0	5e-06	0	0	0	0	3
233	306	0	2.24751489	0	0	0	0	0	5e-06	0	0	0	0	3
234	306	0	2.25716088	0	0	0	0	0	5e-06	0	0	0	0	3
235	307	0	2.26680686	0	0	0	0	0	5e-06	0	0	0	0	3
236	307	0	2.27645285	0	0	0	0	0	5e-06	0	0	0	0	3
237	308	0	2.28609884	0	0	0	0	0	5e-06	0	0	0	0	3
238	309	0	2.29574482	0	0	0	0	0	5e-06	0	0	0	0	3
239	309	0	2.30539081	0	0	0	0	0	5e-06	0	0	0	0	3
240	310	0	2.3150368	0	0	0	0	0	5e-06	0	0	0	0	3
241	311	0	2.32468278	0	0	0	0	0	5e-06	0	0	0	0	3
242	311	0	2.33432877	0	0	0	0	0	5e-06	0	0	0	0	3
243	312	0	2.34397476	0	0	0	0	0	5e-06	0	0	0	0	3
244	312	0	2.35362074	0	0	0	0	0	5e-06	0	0	0	0	3
245	313	0	2.36326673	0	0	0	0	0	5e-06	0	0	0	0	3
246	314	0	2.37291272	0	0	0	0	0	5e-06	0	0	0	0	3
247	314	0	2.3825587	0	0	0	0	0	5e-06	0	0	0	0	3
248	315	0	2.39220469	0	0	0	0	0	5e-06	0	0	0	0	3
249	315	0	2.40185068	0	0	0	0	0	5e-06	0	0	0	0	3
250	316	0	2.41149666	0	0	0	0	0	5e-06	0	0	0	0	3
251	317	0	2.42114265	0	0	0	0	0	5e-06	0	0	0	0	3
252	317	0	2.43078864	0	0	0	0	0	5e-06	0	0	0	0	3
253	318	0	2.44043462	0	0	0	0	0	5e-06	0	0	0	0	3
254	319	0	2.45008061	0	0	0	0	0	5e-06	0	0	0	0	3
255	319	0	2.4597266	0	0	0	0	0	5e-06	0	0	0	0	3
256	320	0	2.46937258	0	0	0	0	0	5e-06	0	0	0	0	3
257	320	0	2.47901857	0	0	0	0	0	5e-06	0	0	0	0	3
258	321	0	2.48866456	0	0	0	0	0	5e-06	0	0	0	0	3
259	322	0	2.49831054	0	0	0	0	0	5e-06	0	0	0	0	3
260	322	0	2.50795653	0	0	0	0	0	5e-06	0	0	0	0	3
261	323	0	2.51760252	0	0	0	0	0	5e-06	0	0	0	0	3
262	324	0	2.5272485	0	0	0	0	0	5e-06	0	0	0	0	3
263	324	0	2.53689449	0	0	0	0	0	5e-06	0	0	0	0	3
264	325	0	2.54654048	0	0	0	0	0	5e-06	0	0	0	0	3
265	326	0	2.55618646	0	0	0	0	0	5e-06	0	0	0	0	3
266	326	0	2.56583245	0	0	0	0	0	5e-06	0	0	0	0	3
267	327	0	2.57547843	0	0	0	0	0	5e-06	0	0	0	0	3
268	327	0	2.58512442	0	0	0	0	0	5e-06	0	0	0	0	3
269	328	0	2.59477041	0	0	0	0	0	5e-06	0	0	0	0	3
270	329	0	2.60441639	0	0	0	0	0	5e-06	0	0	0	0	3
271	329	0	2.61406238	0	0	0	0	0	5e-06	0	0	0	0	3
272	330	0	2.62370837	0	0	0	0	0	5e-06	0	0	0	0	3
273	330	0	2.63335435	0	0	0	0	0	5e-06	0	0	0	0	3
274	331	0	2.64300034	0	0	0	0	0	5e-06	0	0	0	0	3
275	332	0	2.65264633	0	0	0	0	0	5e-06	0	0	0	0	3
276	332	0	2.66229231	0	0	0	0	0	5e-06	0	0	0	0	3
277	333	0	2.6719383	0	0	0	0	0	5e-06	0	0	0	0	3
278	334	0	2.68158429	0	0	0	0	0	5e-06	0	0	0	0	3
279	334	0	2.69123027	0	0	0	0	0	5e-06	0	0	0	0	3
280	335	0	2.70087626	0	0	0	0	0	5e-06	0	0	0	0	3
281	335	0	2.71052225	0	0	0	0	0	5e-06	0	0	0	0	3
282	336	0	2.72016823	0	0	0	0	0	5e-06	0	0	0	0	3
283	337	0	2.72981422	0	0	0	0	0	5e-06	0	0	0	0	3
284	337	0	2.73946021	0	0	0	0	0	5e-06	0	0	0	0	3
285	338	0	2.74910619	0	0	0	0	0	5e-06	0	0	0	0	3
286	339	0	2.75875218	0	0	0	0	0	5e-06	0	0	0	0	3
287	339	0	2.76839817	0	0	0	0	0	5e-06	0	0	0	0	3
288	340	0	2.77804415	0	0	0	0	0	5e-06	0	0	0	0	3
289	340	0	2.78769014	0	0	0	0	0	5e-06	0	0	0	0	3
290	341	0	2.79733613	0	0	0	0	0	5e-06	0	0	0	0	3
291	342	0	2.80698211	0	0	0	0	0	5e-06	0	0	0	0	3
292	342	0	2.8166281	0	0	0	0	0	5e-06	0	0	0	0	3
293	343	0	2.82627409	0	0	0	0	0	5e-06	0	0	0	0	3
294	344	0	2.83592007	0	0	0	0	0	5e-06	0	0	0	0	3
295	344	0	2.84556606	0	0	0	0	0	5e-06	0	0	0	0	3
296	345	0	2.85521205	0	0	0	0	0	5e-06	0	0	0	0	3
297	345	0	2.86485803	0	0	0	0	0	5e-06	0	0	0	0	3
298	346	0	2.87450402	0	0	0	0	0	5e-06	0	0	0	0	3
299	347	0	2.88415001	0	0	0	0	0	5e-06	0	0	0	0	3
300	347	0	2.89379599	0	0	0	0	0	5e-06	0	0	0	0	3
301	350	0	2.90344198	0	0	0	0	0	5e-06	0	0	0	0	3
302	351	0	2.91308797	0	0	0	0	0	5e-06	0	0	0	0	3
303	352	0	2.92273395	0	0	0	0	0	5e-06	0	0	0	0	3
304	352	0	2.93237994	0	0	0	0	0	5e-06	0	0	0	0	3
305	353	0	2.94202593	0	0	0	0	0	5e-06	0	0	0	0	3
306	353	0	2.95167191	0	0	0	0	0	5e-06	0	0	0	0	3
307	354	0	2.9613179	0	0	0	0	0	5e-06	0	0	0	0	3
308	355	0	2.97096389	0	0	0	0	0	5e-06	0	0	0	0	3
309	355	0	2.98060987	0	0	0	0	0	5e-06	0	0	0	0	3
310	356	0	2.99025586	0	0	0	0	0	5e-06	0	0	0	0	3
311	356	0	2.99990185	0	0	0	0	0	5e-06	0	0	0	0	3
312	357	0	3.00954783	0	0	0	0	0	5e-06	0	0	0	0	3
313	358	0	3.01919382	0	0	0	0	0	5e-06	0	0	0	0	3
314	358	0	3.02883981	0	0	0	0	0	5e-06	0	0	0	0	3
315	359	0	3.03848579	0	0	0	0	0	5e-06	0	0	0	0	3
316	360	0	3.04813178	0	0	0	0	0	5e-06	0	0	0	0	3
317	360	0	3.05777777	0	0	0	0	0	5e-06	0	0	0	0	3
318	361	0	3.06742375	0	0	0	0	0	5e-06	0	0	0	0	3
319	361	0	3.07706974	0	0	0	0	0	5e-06	0	0	0	0	3
320	362	0	3.08671573	0	0	0	0	0	5e-06	0	0	0	0	3
321	363	0	3.09636171	0	0	0	0	0	5e-06	0	0	0	0	3
322	363	0	3.1060077	0	0	0	0	0	5e-06	0	0	0	0	3
323	364	0	3.11565369	0	0	0	0	0	5e-06	0	0	0	0	3
324	365	0	3.12529967	0	0	0	0	0	5e-06	0	0	0	0	3
325	365	0	3.13494566	0	0	0	0	0	5e-06	0	0	0	0	3
326	366	0	3.14459165	0	0	0	0	0	5e-06	0	0	0	0	3
327	366	0	3.15423763	0	0	0	0	0	5e-06	0	0	0	0	3
328	367	0	3.16388362	0	0	0	0	0	5e-06	0	0	0	0	3
329	368	0	3.17352961	0	0	0	0	0	5e-06	0	0	0	0	3
330	368	0	3.18317559	0	0	0	0	0	5e-06	0	0	0	0	3
331	369	0	3.19282158	0	0	0	0	0	5e-06	0	0	0	0	3
332	370	0	3.20246757	0	0	0	0	0	5e-06	0	0	0	0	3
333	370	0	3.21211355	0	0	0	0	0	5e-06	0	0	0	0	3
334	371	0	3.22175954	0	0	0	0	0	5e-06	0	0	0	0	3
335	371	0	3.23140553	0	0	0	0	0	5e-06	0	0	0	0	3
336	372	0	3.24105151	0	0	0	0	0	5e-06	0	0	0	0	3
337	373	0	3.2506975	0	0	0	0	0	5e-06	0	0	0	0	3
338	373	0	3.26034349	0	0	0	0	0	5e-06	0	0	0	0	3
339	374	0	3.26998947	0	0	0	0	0	5e-06	0	0	0	0	3
340	375	0	3.27963546	0	0	0	0	0	5e-06	0	0	0	0	3
341	375	0	3.28928145	0	0	0	0	0	5e-06	0	0	0	0	3
342	376	0	3.29892743	0	0	0	0	0	5e-06	0	0	0	0	3
343	376	0	3.30857342	0	0	0	0	0	5e-06	0	0	0	0	3
344	377	0	3.31821941	0	0	0	0	0	5e-06	0	0	0	0	3
345	378	0	3.32786539	0	0	0	0	0	5e-06	0	0	0	0	3
346	378	0	3.33751138	0	0	0	0	0	5e-06	0	0	0	0	3
347	379	0	3.34715737	0	0	0	0	0	5e-06	0	0	0	0	3
348	379	0	3.35680335	0	0	0	0	0	5e-06	0	0	0	0	3
349	380	0	3.36644934	0	0	0	0	0	5e-06	0	0	0	0	3
350	381	0	3.37609533	0	0	0	0	0	5e-06	0	0	0	0	3
351	381	0	3.38574131	0	0	0	0	0	5e-06	0	0	0	0	3
352	382	0	3.3953873	0	0	0	0	0	5e-06	0	0	0	0	3
353	383	0	3.40503329	0	0	0	0	0	5e-06	0	0	0	0	3
354	383	0	3.41467927	0	0	0	0	0	5e-06	0	0	0	0	3
355	384	0	3.42432526	0	0	0	0	0	5e-06	0	0	0	0	3
356	384	0	3.43397125	0	0	0	0	0	5e-06	0	0	0	0	3
357	385	0	3.44361723	0	0	0	0	0	5e-06	0	0	0	0	3
358	386	0	3.45326322	0	0	0	0	0	5e-06	0	0	0	0	3
359	386	0	3.46290921	0	0	0	0	0	5e-06	0	0	0	0	3
360	387	0	3.47255519	0	0	0	0	0	5e-06	0	0	0	0	3
361	388	0	3.48220118	0	0	0	0	0	5e-06	0	0	0	0	3
362	388	0	3.49184717	0	0	0	0	0	5e-06	0	0	0	0	3
363	389	0	3.50149315	0	0	0	0	0	5e-06	0	0	0	0	3
364	390	0	3.51113914	0	0	0	0	0	5e-06	0	0	0	0	3
365	390	0	3.52078513	0	0	0	0	0	5e-06	0	0	0	0	3
366	391	0	3.53043111	0	0	0	0	0	5e-06	0	0	0	0	3
367	391	0	3.5400771	0	0	0	0	0	5e-06	0	0	0	0	3
368	392	0	3.54972309	0	0	0	0	0	5e-06	0	0	0	0	3
369	393	0	3.55936907	0	0	0	0	0	5e-06	0	0	0	0	3
370	393	0	3.56901506	0	0	0	0	0	5e-06	0	0	0	0	3
371	394	0	3.57866105	0	0	0	0	0	5e-06	0	0	0	0	3
372	395	0	3.58830703	0	0	0	0	0	5e-06	0	0	0	0	3
373	395	0	3.59795302	0	0	0	0	0	5e-06	0	0	0	0	3
374	396	0	3.60759901	0	0	0	0	0	5e-06	0	0	0	0	3
375	396	0	3.61724499	0	0	0	0	0	5e-06	0	0	0	0	3
376	397	0	3.62689098	0	0	0	0	0	5e-06	0	0	0	0	3
377	398	0	3.63653697	0	0	0	0	0	5e-06	0	0	0	0	3
378	398	0	3.64618295	0	0	0	0	0	5e-06	0	0	0	0	3
379	399	0	3.65582894	0	0	0	0	0	5e-06	0	0	0	0	3
380	400	0	3.66547493	0	0	0	0	0	5e-06	0	0	0	0	3
381	400	0	3.67512091	0	0	0	0	0	5e-06	0	0	0	0	3
382	401	0	3.6847669	0	0	0	0	0	5e-06	0	0	0	0	3
383	401	0	3.69441289	0	0	0	0	0	5e-06	0	0	0	0	3
384	402	0	3.70405887	0	0	0	0	0	5e-06	0	0	0	0	3
385	403	0	3.71370486	0	0	0	0	0	5e-06	0	0	0	0	3
386	403	0	3.72335085	0	0	0	0	0	5e-06	0	0	0	0	3
387	404	0	3.73299683	0	0	0	0	0	5e-06	0	0	0	0	3
388	404	0	3.74264282	0	0	0	0	0	5e-06	0	0	0	0	3
389	405	0	3.75228881	0	0	0	0	0	5e-06	0	0	0	0	3
390	406	0	3.76193479	0	0	0	0	0	5e-06	0	0	0	0	3
391	406	0	3.77158078	0	0	0	0	0	5e-06	0	0	0	0	3
392	407	0	3.78122677	0	0	0	0	0	5e-06	0	0	0	0	3
393	408	0	3.79087275	0	0	0	0	0	5e-06	0	0	0	0	3
394	408	0	3.80051874	0	0	0	0	0	5e-06	0	0	0	0	3
395	409	0	3.81016473	0	0	0	0	0	5e-06	0	0	0	0	3
396	409	0	3.81981071	0	0	0	0	0	5e-06	0	0	0	0	3
397	410	0	3.8294567	0	0	0	0	0	5e-06	0	0	0	0	3
398	411	0	3.83910269	0	0	0	0	0	5e-06	0	0	0	0	3
399	411	0	3.84874867	0	0	0	0	0	5e-06	0	0	0	0	3
400	412	0	3.85839466	0	0	0	0	0	5e-06	0	0	0	0	3
401	415	0	3.86804065	0	0	0	0	0	5e-06	0	0	0	0	3
402	416	0	3.87768663	0	0	0	0	0	5e-06	0	0	0	0	3
403	416	0	3.88733262	0	0	0	0	0	5e-06	0	0	0	0	3
404	417	0	3.89697861	0	0	0	0	0	5e-06	0	0	0	0	3
405	418	0	3.90662459	0	0	0	0	0	5e-06	0	0	0	0	3
406	418	0	3.91627058	0	0	0	0	0	5e-06	0	0	0	0	3
407	419	0	3.92591657	0	0	0	0	0	5e-06	0	0	0	0	3
408	420	0	3.93556255	0	0	0	0	0	5e-06	0	0	0	0	3
409	420	0	3.94520854	0	0	0	0	0	5e-06	0	0	0	0	3
410	421	0	3.95485453	0	0	0	0	0	5e-06	0	0	0	0	3
411	421	0	3.96450051	0	0	0	0	0	5e-06	0	0	0	0	3
412	422	0	3.9741465	0	0	0	0	0	5e-06	0	0	0	0	3
413	423	0	3.98379249	0	0	0	0	0	5e-06	0	0	0	0	3
414	423	0	3.99343847	0	0	0	0	0	5e-06	0	0	0	0	3
415	424	0	4.00308446	0	0	0	0	0	5e-06	0	0	0	0	3
