Iteration	CPUTime	PhysTime	Travels	Value	AvValue	MinValue	MaxValue	Delta	Criteria	PrevAvRefValue	Progress	CriteriaType	CriteriaVarType	CriteriaPercentage
1	7	0	0.00964598665	2.32213637	2.32213637	2.32213637	2.32213637	0	0	0	0	0	0	3
2	9	0	0.0192919733	0.65803865	1.49008751	0.65803865	2.32213637	0.832048862	0	0	0	0	0	3
3	11	0	0.0289379599	0.778366435	1.25284715	0.65803865	2.32213637	1.06928922	0	0	0	0	0	3
4	13	0	0.0385839466	1.71958635	1.36953195	0.65803865	2.32213637	1.06928922	0	0	0	0	0	3
5	14	0	0.0482299332	1.97419977	1.49046552	0.65803865	2.32213637	1.06928922	0	0	0	0	0	3
6	15	0	0.0578759199	1.96158078	1.56898473	0.65803865	2.32213637	1.06928922	0	0	0	0	0	3
7	15	0	0.0675219065	1.97532483	1.62703331	0.65803865	2.32213637	1.06928922	0	0	0	0	0	3
8	16	0	0.0771678932	1.98067246	1.67123821	0.65803865	2.32213637	1.06928922	0	0	0	0	0	3
9	17	0	0.0868138798	1.98112448	1.70567001	0.65803865	2.32213637	1.06928922	0	0	0	0	0	3
10	19	0	0.0964598665	1.92331275	1.72743429	0.65803865	2.32213637	1.06928922	0	0	0	0	0	3
11	20	0	0.106105853	1.85500942	1.73903203	0.65803865	2.32213637	1.06928922	0	0	0	0	0	3
12	20	0	0.11575184	1.91739587	1.75389568	0.65803865	2.32213637	1.06928922	0	0	0	0	0	3
13	22	0	0.125397826	1.84534174	1.76092999	0.65803865	2.32213637	1.06928922	0	0	0	0	0	3
14	23	0	0.135043813	1.90354668	1.7711169	0.65803865	2.32213637	1.06928922	0	0	0	0	0	3
15	25	0	0.1446898	1.82438946	1.7746684	0.65803865	2.32213637	1.06928922	0	0	0	0	0	3
16	27	0	0.154335786	1.78989997	1.77562038	0.65803865	2.32213637	1.06928922	0	0	0	0	0	3
17	28	0	0.163981773	1.75020546	1.77412538	0.65803865	2.32213637	1.06928922	0	0	0	0	0	3
18	30	0	0.17362776	1.74980133	1.77277405	0.65803865	2.32213637	1.06928922	0	0	0	0	0	3
19	32	0	0.183273746	1.74021694	1.77106051	0.65803865	2.32213637	1.06928922	0	0	0	0	0	3
20	33	0	0.192919733	1.69333727	1.76717435	0.65803865	2.32213637	1.06928922	0	0	0	0	0	3
21	35	0	0.20256572	1.67665787	1.76286404	0.65803865	2.32213637	1.06928922	0	0	0	0	0	3
22	37	0	0.212211706	1.65623576	1.7580173	0.65803865	2.32213637	1.06928922	0	0	0	0	0	3
23	38	0	0.221857693	1.62984092	1.75244442	0.65803865	2.32213637	1.06928922	0	0	0	0	0	3
24	40	0	0.23150368	1.59471371	1.7458723	0.65803865	2.32213637	1.06928922	0	0	0	0	0	3
25	41	0	0.241149666	1.59023616	1.73964686	0.65803865	2.32213637	1.06928922	0	0	0	0	0	3
26	43	0	0.250795653	1.57968697	1.73349455	0.65803865	2.32213637	1.06928922	0	0	0	0	0	3
27	45	0	0.260441639	1.56528498	1.72726457	0.65803865	2.32213637	1.06928922	0	0	0	0	0	3
28	46	0	0.270087626	1.54358347	1.72070453	0.65803865	2.32213637	1.06928922	0	0	0	0	0	3
29	48	0	0.279733613	1.53568256	1.71432446	0.65803865	2.32213637	1.06928922	0	0	0	0	0	3
30	50	0	0.289379599	1.51664904	1.70773528	0.65803865	2.32213637	1.06928922	0	0	0	0	0	3
31	53	0	0.299025586	1.51318854	1.70145958	0.65803865	2.32213637	1.06928922	0	0	0	0	0	3
32	56	0	0.308671573	1.50005347	1.69516564	0.65803865	2.32213637	1.06928922	0	0	0	0	0	3
33	59	0	0.318317559	1.49002708	1.68894932	0.65803865	2.32213637	1.06928922	0	0	0	0	0	3
34	62	0	0.327963546	1.48430892	1.68293048	0.65803865	2.32213637	1.06928922	0	0	0	0	0	3
35	66	0	0.337609533	1.46837423	1.67680031	0.65803865	2.32213637	1.06928922	0	0	0	0	0	3
36	69	0	0.347255519	1.45560084	1.67065588	0.65803865	2.32213637	1.06928922	0	0	0	0	0	3
37	72	0	0.356901506	1.45216326	1.66475067	0.65803865	2.32213637	1.06928922	0	0	0	0	0	3
38	76	0	0.366547493	1.43873938	1.658803	0.65803865	2.32213637	1.06928922	0	0	0	0	0	3
39	79	0	0.376193479	1.43394783	1.65303749	0.65803865	2.32213637	1.06928922	0	0	0	0	0	3
40	82	0	0.385839466	1.42884084	1.64743257	0.65803865	2.32213637	1.06928922	0	0	0	0	0	3
41	87	0	0.395485453	1.4254364	1.64201803	0.65803865	2.32213637	1.06928922	0	0	0	0	0	3
42	90	0	0.405131439	1.421433	1.63676601	0.65803865	2.32213637	1.06928922	0	0	0	0	0	3
43	94	0	0.414777426	1.41614319	1.63163524	0.65803865	2.32213637	1.06928922	0	0	0	0	0	3
44	98	0	0.424423413	1.3958118	1.62627562	0.65803865	2.32213637	1.06928922	0	0	0	0	0	3
45	101	0	0.434069399	1.38975482	1.6210196	0.65803865	2.32213637	1.06928922	0	0	0	0	0	3
46	105	0	0.443715386	1.3715391	1.61559611	0.65803865	2.32213637	1.06928922	0	0	0	0	0	3
47	109	0	0.453361372	1.36844342	1.61033754	0.65803865	2.32213637	1.06928922	0	0	0	0	0	3
48	112	0	0.463007359	1.35647076	1.60504865	0.65803865	2.32213637	1.06928922	0	0	0	0	0	3
49	114	0	0.472653346	1.35877756	1.60002271	0.65803865	2.32213637	1.06928922	0	0	0	0	0	3
50	114	0	0.482299332	1.34998272	1.59502191	0.65803865	2.32213637	1.06928922	0	0	0	0	0	3
51	115	0	0.491945319	1.34591775	1.59013752	0.65803865	2.32213637	1.06928922	0	0	0	0	0	3
52	115	0	0.501591306	1.3394616	1.58531683	0.65803865	2.32213637	1.06928922	0	0	0	0	0	3
53	116	0	0.511237292	1.33734816	1.56637859	0.65803865	1.98112448	0.522773223	0	0	0	0	0	3
54	117	0	0.520883279	1.33429006	1.57938343	0.778366435	1.98112448	0.522773223	0	0	0	0	0	3
55	117	0	0.530529266	1.33465964	1.59008137	1.33429006	1.98112448	0.406088424	0	0	0	0	0	3
56	118	0	0.540175252	1.33170112	1.58262204	1.33170112	1.98112448	0.285154861	0	0	0	0	0	3
57	119	0	0.549821239	1.33125715	1.57025776	1.33125715	1.98112448	0.209241785	0	0	0	0	0	3
58	119	0	0.559467226	1.32877658	1.55808845	1.32877658	1.98112448	0.217531928	0	0	0	0	0	3
59	120	0	0.569113212	1.32858844	1.54565121	1.32858844	1.98112448	0.229969166	0	0	0	0	0	3
60	123	0	0.578759199	1.32736084	1.53308752	1.32736084	1.98112448	0.242532851	0	0	0	0	0	3
61	126	0	0.588405186	1.32896	1.5205459	1.32736084	1.92331275	0.255074476	0	0	0	0	0	3
62	132	0	0.598051172	1.32998689	1.50913579	1.32736084	1.91739587	0.266484589	0	0	0	0	0	3
63	136	0	0.607697159	1.33554122	1.49914601	1.32736084	1.91739587	0.276474362	0	0	0	0	0	3
64	141	0	0.617343145	1.34005879	1.48804338	1.32736084	1.90354668	0.287576998	0	0	0	0	0	3
65	145	0	0.626989132	1.34563234	1.47843358	1.32736084	1.90354668	0.297186794	0	0	0	0	0	3
66	148	0	0.636635119	1.34766699	1.46774359	1.32736084	1.82438946	0.307876788	0	0	0	0	0	3
67	152	0	0.646281105	1.34971996	1.45861533	1.32736084	1.78989997	0.317005048	0	0	0	0	0	3
68	156	0	0.655927092	1.34961039	1.45014822	1.32736084	1.75020546	0.32397716	0	0	0	0	0	3
69	161	0	0.665573079	1.3504817	1.44246123	1.32736084	1.74980133	0.330312819	0	0	0	0	0	3
70	165	0	0.675219065	1.34812063	1.4347366	1.32736084	1.74021694	0.336323916	0	0	0	0	0	3
71	169	0	0.684865052	1.34662037	1.42716743	1.32736084	1.69333727	0.340006919	0	0	0	0	0	3
72	172	0	0.694511039	1.34382141	1.42044597	1.32736084	1.67665787	0.342418069	0	0	0	0	0	3
73	177	0	0.704157025	1.34321898	1.41403369	1.32736084	1.65623576	0.328874927	0	0	0	0	0	3
74	182	0	0.713803012	1.34366439	1.4080227	1.32736084	1.62984092	0.302480081	0	0	0	0	0	3
75	186	0	0.723448999	1.34896108	1.40262116	1.32736084	1.59471371	0.26735287	0	0	0	0	0	3
76	189	0	0.733094985	1.35123517	1.39793888	1.32736084	1.59023616	0.262875322	0	0	0	0	0	3
77	192	0	0.742740972	1.3545837	1.39340711	1.32736084	1.57968697	0.252326136	0	0	0	0	0	3
78	195	0	0.752386959	1.3563426	1.38911202	1.32736084	1.56528498	0.237924144	0	0	0	0	0	3
79	195	0	0.762032945	1.35935805	1.38515189	1.32736084	1.54358347	0.216222637	0	0	0	0	0	3
80	196	0	0.771678932	1.35965811	1.38161486	1.32736084	1.53568256	0.20832172	0	0	0	0	0	3
81	197	0	0.781324918	1.36067992	1.37824943	1.32736084	1.51664904	0.1892882	0	0	0	0	0	3
82	197	0	0.790970905	1.35772693	1.37519323	1.32736084	1.51318854	0.185827704	0	0	0	0	0	3
83	198	0	0.800616892	1.35549632	1.37216069	1.32736084	1.50005347	0.172692629	0	0	0	0	0	3
84	198	0	0.810262878	1.35145252	1.36930298	1.32736084	1.49002708	0.162666246	0	0	0	0	0	3
85	199	0	0.819908865	1.34914623	1.36659373	1.32736084	1.48430892	0.156948079	0	0	0	0	0	3
86	200	0	0.829554852	1.3461431	1.3639367	1.32736084	1.46837423	0.141013391	0	0	0	0	0	3
87	200	0	0.839200838	1.34844126	1.36163029	1.32736084	1.45560084	0.128240003	0	0	0	0	0	3
88	201	0	0.848846825	1.34964614	1.3595927	1.32736084	1.45216326	0.124802428	0	0	0	0	0	3
89	202	0	0.858492812	1.35196841	1.35766588	1.32736084	1.43873938	0.111378546	0	0	0	0	0	3
90	202	0	0.868138798	1.35191498	1.35599618	1.32736084	1.43394783	0.106586991	0	0	0	0	0	3
91	203	0	0.877784785	1.35180627	1.35441653	1.32736084	1.42884084	0.101480003	0	0	0	0	0	3
92	204	0	0.887430772	1.34971092	1.35289481	1.32736084	1.4254364	0.0980755669	0	0	0	0	0	3
93	204	0	0.897076758	1.35073452	1.35145823	1.32736084	1.421433	0.0940721594	0	0	0	0	0	3
94	205	0	0.906722745	1.35009719	1.35008639	1.32736084	1.41614319	0.0887823517	0	0	0	0	0	3
95	206	0	0.916368732	1.34955599	1.34880587	1.32736084	1.3958118	0.0684509614	0	0	0	0	0	3
96	206	0	0.926014718	1.34641103	1.34785585	1.32736084	1.38975482	0.0623939797	0	0	0	0	0	3
97	207	0	0.935660705	1.34372649	1.34697069	1.32736084	1.3715391	0.044178265	0	0	0	0	0	3
98	208	0	0.945306691	1.33914759	1.34634778	1.32736084	1.36844342	0.0410825812	0	0	0	0	0	3
99	209	0	0.954952678	1.33903659	1.34578226	1.32736084	1.36067992	0.0333190844	0	0	0	0	0	3
100	210	0	0.964598665	1.338342	1.34543363	1.32736084	1.36067992	0.0333190844	0	0	0	0	0	3
101	213	0	0.974244651	1.34187985	1.34510867	1.32736084	1.36067992	0.0333190844	0	0	0	0	0	3
102	214	0	0.983890638	1.3449122	1.34501116	1.32736084	1.36067992	0.0333190844	0	0	0	0	0	3
103	215	0	0.993536625	1.34876636	1.34506595	1.32736084	1.36067992	0.0333190844	0	0	0	0	0	3
104	216	0	1.00318261	1.34995897	1.34526782	1.32736084	1.36067992	0.0333190844	0.0360827415	0	100	0	0	3
105	217	0	1.0128286	1.35220499	1.34555353	1.32736084	1.36067992	0.0333190844	0.0360827415	0	100	0	0	3
106	218	0	1.02247458	1.35120364	1.34587879	1.32736084	1.36067992	0.0333190844	0.0360827415	0	100	0	0	3
107	219	0	1.03212057	1.34977134	1.3461694	1.32736084	1.36067992	0.0333190844	0.0360827415	0	100	0	0	3
108	220	0	1.04176656	1.34916106	1.34650517	1.32736084	1.36067992	0.0333190844	0.0360827415	0	100	0	0	3
109	221	0	1.05141254	1.3517185	1.34689865	1.32736084	1.36067992	0.0333190844	0.0360827415	0	100	0	0	3
110	222	0	1.06105853	1.35327212	1.34736972	1.32736084	1.36067992	0.0333190844	0.0360827415	0	100	0	0	3
111	223	0	1.07070452	1.35724127	1.34792074	1.32736084	1.36067992	0.0333190844	0.0360827415	0	100	0	0	3
112	224	0	1.0803505	1.35729282	1.34849635	1.32896	1.36067992	0.0317199164	0.0360827415	0	100	0	0	3
113	224	0	1.08999649	1.35779706	1.34905091	1.32998689	1.36067992	0.0306930294	0.0360827415	0	100	0	0	3
114	225	0	1.09964248	1.35624832	1.34955594	1.33554122	1.36067992	0.0251387024	0.0360827415	0	100	0	0	3
115	225	0	1.10928846	1.35560519	1.34994178	1.338342	1.36067992	0.0223379176	0.0360827415	0	100	0	0	3
116	226	0	1.11893445	1.3533832	1.35019802	1.338342	1.36067992	0.0223379176	0.0360827415	0	100	0	0	3
117	227	0	1.12858044	1.35267939	1.35033354	1.338342	1.36067992	0.0223379176	0.0360827415	0	100	0	0	3
118	227	0	1.13822642	1.35175709	1.3504122	1.338342	1.36067992	0.0223379176	0.0360827415	0	100	0	0	3
119	228	0	1.14787241	1.35401753	1.35049484	1.338342	1.36067992	0.0223379176	0.0360827415	0	100	0	0	3
120	229	0	1.1575184	1.356907	1.35063516	1.338342	1.36067992	0.0223379176	0.0360827415	0	100	0	0	3
121	229	0	1.16716438	1.36186387	1.35085405	1.338342	1.36186387	0.0235218638	0.0360827415	0	100	0	0	3
122	230	0	1.17681037	1.36188684	1.35111879	1.338342	1.36188684	0.0235448336	0.0360827415	0	100	0	0	3
123	231	0	1.18645636	1.36183814	1.35141143	1.338342	1.36188684	0.0235448336	0.0360827415	0	100	0	0	3
124	231	0	1.19610234	1.35937575	1.35171056	1.338342	1.36188684	0.0235448336	0.0360827415	0	100	0	0	3
125	232	0	1.20574833	1.35868504	1.35200798	1.338342	1.36188684	0.0235448336	0.0360827415	0	100	0	0	3
126	233	0	1.21539432	1.35777316	1.3522793	1.338342	1.36188684	0.0235448336	0.0360827415	0	100	0	0	3
127	233	0	1.2250403	1.35957646	1.35248345	1.338342	1.36188684	0.0235448336	0.0360827415	0	100	0	0	3
128	234	0	1.23468629	1.36424103	1.35273356	1.338342	1.36424103	0.0258990305	0.0360827415	0	100	0	0	3
129	234	0	1.24433228	1.36385524	1.35291186	1.338342	1.36424103	0.0258990305	0.0360827415	0	100	0	0	3
130	235	0	1.25397826	1.36230665	1.35302655	1.338342	1.36424103	0.0258990305	0.0360827415	0	100	0	0	3
131	236	0	1.26362425	1.36283483	1.35309341	1.338342	1.36424103	0.0258990305	0.0360827415	0	100	0	0	3
132	236	0	1.27327024	1.36212142	1.35314078	1.338342	1.36424103	0.0258990305	0.0360827415	0	100	0	0	3
133	237	0	1.28291622	1.36302649	1.35318591	1.338342	1.36424103	0.0258990305	0.0360827415	0	100	0	0	3
134	238	0	1.29256221	1.36178534	1.35326396	1.338342	1.36424103	0.0258990305	0.0360827415	0	100	0	0	3
135	238	0	1.3022082	1.36189049	1.35338692	1.338342	1.36424103	0.0242918151	0.0360827415	0	100	0	0	3
136	239	0	1.31185418	1.36098789	1.35357029	1.338342	1.36424103	0.0215825678	0.0360827415	0	100	0	0	3
137	240	0	1.32150017	1.36230443	1.35382334	1.338342	1.36424103	0.0189255329	0.0360827415	0	100	0	0	3
138	240	0	1.33114616	1.36312596	1.35414993	1.338342	1.36424103	0.0166191298	0.0360827415	0	100	0	0	3
139	241	0	1.34079214	1.36462092	1.35446108	1.338342	1.36462092	0.0145815393	0.0360827415	0	100	0	0	3
140	242	0	1.35043813	1.36124746	1.35468418	1.338342	1.36462092	0.0126547153	0.0360827415	0	100	0	0	3
141	242	0	1.36008412	1.36049978	1.35484824	1.338342	1.36462092	0.0109850153	0.0360827415	0	100	0	0	3
142	243	0	1.3697301	1.35938176	1.35499184	1.338342	1.36462092	0.00998067032	0.0360827415	0	100	0	0	3
143	244	0	1.37937609	1.36180417	1.3551841	1.338342	1.36462092	0.0101729377	0.0360827415	0	100	0	0	3
144	244	0	1.38902208	1.36623343	1.35550184	1.338342	1.36623343	0.0104906782	0.0360827415	0	100	0	0	3
145	245	0	1.39866806	1.36679265	1.35581065	1.338342	1.36679265	0.0107994884	0.0360827415	0	100	0	0	3
146	245	0	1.40831405	1.36527011	1.35610244	1.338342	1.36679265	0.0110912753	0.0360827415	0	100	0	0	3
147	246	0	1.41796004	1.36491759	1.35639786	1.338342	1.36679265	0.0113866907	0.0360827415	0	100	0	0	3
148	247	0	1.42760602	1.36478598	1.35675122	1.338342	1.36679265	0.0117400552	0.0360827415	0	100	0	0	3
149	247	0	1.43725201	1.36072749	1.35707816	1.338342	1.36679265	0.0120669975	0.0360827415	0	100	0	0	3
150	248	0	1.446898	1.35873627	1.35745487	1.338342	1.36679265	0.0124437028	0.0360827415	0	100	0	0	3
151	249	0	1.45654398	1.36032174	1.3578642	1.338342	1.36679265	0.0128530324	0.0360827415	0	100	0	0	3
152	249	0	1.46618997	1.35578669	1.35819967	1.34187985	1.36679265	0.0131885071	0.0360827415	0	100	0	0	3
153	250	0	1.47583596	1.35800319	1.35850974	1.3449122	1.36679265	0.0134985713	0.0360827415	0	100	0	0	3
154	250	0	1.48548194	1.35990523	1.35879806	1.34876636	1.36679265	0.0137321178	0.0360827415	0	100	0	0	3
155	251	0	1.49512793	1.3586299	1.35898775	1.34916106	1.36679265	0.0137199289	0.0360827415	0	100	0	0	3
156	252	0	1.50477392	1.35705231	1.35912416	1.34916106	1.36679265	0.0135706309	0.0360827415	0	100	0	0	3
157	252	0	1.5144199	1.35839383	1.35924317	1.34916106	1.36679265	0.013364386	0.0360827415	0	100	0	0	3
158	253	0	1.52406589	1.35694174	1.35935352	1.34916106	1.36679265	0.0131841245	0.0360827415	0	100	0	0	3
159	253	0	1.53371188	1.35760606	1.35950419	1.34916106	1.36679265	0.0129990241	0.0360827415	0	100	0	0	3
160	254	0	1.54335786	1.35776912	1.35966973	1.3517185	1.36679265	0.012771076	0.0360827415	0	100	0	0	3
161	255	0	1.55300385	1.35981835	1.3598255	1.35175709	1.36679265	0.0124557742	0.0360827415	0	100	0	0	3
162	255	0	1.56264984	1.36162726	1.35998617	1.35175709	1.36679265	0.0120654342	0.0360827415	0	100	0	0	3
163	256	0	1.57229582	1.36431675	1.36012224	1.35175709	1.36679265	0.0116258862	0.0360827415	0	100	0	0	3
164	256	0	1.58194181	1.36310397	1.36023399	1.35175709	1.36679265	0.0111830804	0.0360827415	0	100	0	0	3
165	257	0	1.5915878	1.36161018	1.36030732	1.35175709	1.36679265	0.0107513823	0.0360827415	0	100	0	0	3
166	258	0	1.60123378	1.35853279	1.36035125	1.35175709	1.36679265	0.0104094688	0.0360827415	0	100	0	0	3
167	258	0	1.61087977	1.35759489	1.36038952	1.35175709	1.36679265	0.0101914936	0.0360827415	0	100	0	0	3
168	259	0	1.62052576	1.35752551	1.36046918	1.35175709	1.36679265	0.0101356332	0.0360827415	0	100	0	0	3
169	259	0	1.63017174	1.35944837	1.36059935	1.35175709	1.36679265	0.0101871501	0.0360827415	0	100	0	0	3
170	260	0	1.63981773	1.35870883	1.36073304	1.35401753	1.36679265	0.010238192	0.0360827415	0	100	0	0	3
171	261	0	1.64946372	1.35887087	1.36082637	1.35578669	1.36679265	0.0101912062	0.0360827415	0	100	0	0	3
172	262	0	1.6591097	1.35739123	1.36083568	1.35578669	1.36679265	0.00998163064	0.0360827415	0	100	0	0	3
173	262	0	1.66875569	1.35680624	1.36073842	1.35578669	1.36679265	0.00971689597	0.0360827415	0	100	0	0	3
174	263	0	1.67840168	1.35356609	1.3605784	1.35356609	1.36679265	0.00942424655	0.0360827415	0	100	0	0	3
175	264	0	1.68804766	1.35025592	1.36035567	1.35025592	1.36679265	0.00912512462	0.0360827415	0	100	0	0	3
176	265	0	1.69769365	1.34642163	1.36010655	1.34642163	1.36679265	0.0088277004	0.0360827415	0	100	0	0	3
177	266	0	1.70733964	1.34612535	1.35986502	1.34612535	1.36679265	0.00855637801	0.0360827415	0	100	0	0	3
178	266	0	1.71698562	1.34571559	1.35963314	1.34571559	1.36679265	0.00835223612	0.0360827415	0	100	0	0	3
179	267	0	1.72663161	1.34719716	1.35939508	1.34571559	1.36679265	0.00810212331	0.0360827415	0	100	0	0	3
180	268	0	1.7362776	1.34635201	1.35905106	1.34571559	1.36679265	0.00792382451	0.0360827415	0	100	0	0	3
181	269	0	1.74592358	1.34603094	1.35870828	1.34571559	1.36679265	0.00780913116	0.0360827415	0	100	0	0	3
182	270	0	1.75556957	1.34228137	1.35832318	1.34228137	1.36679265	0.00774226986	0.0360827415	0	100	0	0	3
183	271	0	1.76521556	1.34171151	1.35791697	1.34171151	1.36679265	0.00769489855	0.0360827415	0	100	0	0	3
184	272	0	1.77486154	1.34187142	1.35752754	1.34171151	1.36679265	0.00764977227	0.0360827415	0	100	0	0	3
185	272	0	1.78450753	1.34529177	1.35718649	1.34171151	1.36679265	0.00757172592	0.0360827415	0	100	0	0	3
186	273	0	1.79415352	1.34833465	1.35692782	1.34171151	1.36679265	0.00744876096	0.0360827415	0	100	0	0	3
187	274	0	1.8037995	1.3525751	1.35674868	1.34171151	1.36679265	0.00726538847	0.0360827415	0	100	0	0	3
188	275	0	1.81344549	1.35512724	1.35663598	1.34171151	1.36679265	0.00701234605	0.0360827415	0	100	0	0	3
189	276	0	1.82309148	1.35902903	1.35657299	1.34171151	1.36679265	0.00668575255	0.0360827415	0	100	0	0	3
190	276	0	1.83273746	1.35987983	1.35651056	1.34171151	1.36679265	0.00637460519	0.0360827415	0	100	0	0	3
191	277	0	1.84238345	1.36156743	1.35645184	1.34171151	1.36679265	0.00615150279	0.0360827415	0	100	0	0	3
192	278	0	1.85202944	1.36262371	1.35647831	1.34171151	1.36679265	0.00598743808	0.0360827415	0	100	0	0	3
193	278	0	1.86167542	1.36529233	1.35657047	1.34171151	1.36679265	0.00584384625	0.0360827415	0	100	0	0	3
194	279	0	1.87132141	1.36558647	1.35668979	1.34171151	1.36679265	0.00565157883	0.0360827415	0	100	0	0	3
195	279	0	1.8809674	1.36476639	1.35674676	1.34171151	1.36679265	0.00533383837	0.0360827415	0	100	0	0	3
196	280	0	1.89061338	1.36131693	1.35665221	1.34171151	1.36679265	0.00502502818	0.0360827415	0	100	0	0	3
197	281	0	1.90025937	1.35961172	1.35651412	1.34171151	1.36558647	0.00473324128	0.0360827415	0	100	0	0	3
198	281	0	1.90990536	1.35971825	1.35640735	1.34171151	1.36558647	0.00443782582	0.0360827415	0	100	0	0	3
199	282	0	1.91955134	1.36341717	1.3563785	1.34171151	1.36558647	0.00445718622	0.0360827415	0	100	0	0	3
200	282	0	1.92919733	1.3682928	1.35644593	1.34171151	1.3682928	0.00445718622	0.0360827415	0	100	0	0	3
201	286	0	1.93884332	1.369453	1.35661373	1.34171151	1.369453	0.00445718622	0.0360827415	0	100	0	0	3
202	286	0	1.9484893	1.37094027	1.35684842	1.34171151	1.37094027	0.00445718622	0.0360827415	0	100	0	0	3
203	287	0	1.95813529	1.36836742	1.35700315	1.34171151	1.37094027	0.00445718622	0.0360827415	0	100	0	0	3
204	288	0	1.96778128	1.36532465	1.35718657	1.34171151	1.37094027	0.00445718622	0.0360827415	0	100	0	0	3
205	288	0	1.97742726	1.36269193	1.35727674	1.34171151	1.37094027	0.00445718622	0.0360827415	0	100	0	0	3
206	289	0	1.98707325	1.35888792	1.35725718	1.34171151	1.37094027	0.00445718622	0.0360827415	0	100	0	0	3
207	290	0	1.99671924	1.35831227	1.35725107	1.34171151	1.37094027	0.00445718622	0.0360827415	0	100	0	0	3
208	290	0	2.00636522	1.35781284	1.35726569	1.34171151	1.37094027	0.00445718622	0.0360827415	0	100	0	0	3
209	291	0	2.01601121	1.35743265	1.35724721	1.34171151	1.37094027	0.00445718622	0.0360827415	0	100	0	0	3
210	291	0	2.0256572	1.3577347	1.35726246	1.34171151	1.37094027	0.00445718622	0.0360827415	0	100	0	0	3
211	292	0	2.03530318	1.36033698	1.35731498	1.34171151	1.37094027	0.00445718622	0.0360827415	0	100	0	0	3
212	293	0	2.04494917	1.36386194	1.35743215	1.34171151	1.37094027	0.00445718622	0.0360827415	0	100	0	0	3
213	293	0	2.05459516	1.36411814	1.35751483	1.34171151	1.37094027	0.00445718622	0.0360827415	0	100	0	0	3
214	294	0	2.06424114	1.36215431	1.35752497	1.34171151	1.37094027	0.00445718622	0.0360827415	0	100	0	0	3
215	294	0	2.07388713	1.36058206	1.35745315	1.34171151	1.37094027	0.00445718622	0.0360827415	0	100	0	0	3
216	295	0	2.08353312	1.35979131	1.35738944	1.34171151	1.37094027	0.00445718622	0.0360827415	0	100	0	0	3
217	296	0	2.0931791	1.36147785	1.3573869	1.34171151	1.37094027	0.00445718622	0.0360827415	0	100	0	0	3
218	296	0	2.10282509	1.36146814	1.35744335	1.34171151	1.37094027	0.00445718622	0.0360827415	0	100	0	0	3
219	297	0	2.11247108	1.36310286	1.35754927	1.34171151	1.37094027	0.00445718622	0.0360827415	0	100	0	0	3
220	297	0	2.12211706	1.36145475	1.35762483	1.34171151	1.37094027	0.00445718622	0.0360827415	0	100	0	0	3
221	298	0	2.13176305	1.35987544	1.35763305	1.34171151	1.37094027	0.00445718622	0.0360827415	0	100	0	0	3
222	299	0	2.14140904	1.35863613	1.35763165	1.34171151	1.37094027	0.00445718622	0.0360827415	0	100	0	0	3
223	299	0	2.15105502	1.36002091	1.35765376	1.34171151	1.37094027	0.00445718622	0.0360827415	0	100	0	0	3
224	300	0	2.16070101	1.36135305	1.35772995	1.34171151	1.37094027	0.00435992413	0.0360827415	0	100	0	0	3
225	301	0	2.170347	1.36469006	1.35788156	1.34171151	1.37094027	0.00419990974	0.0360827415	0	100	0	0	3
226	301	0	2.17999298	1.36560238	1.35811303	1.34171151	1.37094027	0.00397717462	0.0360827415	0	100	0	0	3
227	302	0	2.18963897	1.36669447	1.35842916	1.34171151	1.37094027	0.00372805699	0.0360827415	0	100	0	0	3
228	303	0	2.19928496	1.36690417	1.35882305	1.34171151	1.37094027	0.00348652441	0.0360827415	0	100	0	0	3
229	303	0	2.20893094	1.36820142	1.35924759	1.34171151	1.37094027	0.00325464807	0.0360827415	0	100	0	0	3
230	304	0	2.21857693	1.36579587	1.35963375	1.34171151	1.37094027	0.00325525724	0.0360827415	0	100	0	0	3
231	304	0	2.22822292	1.36549419	1.35998562	1.34171151	1.37094027	0.00360712324	0.0360827415	0	100	0	0	3
232	305	0	2.2378689	1.36330459	1.36031163	1.34171151	1.37094027	0.00393313432	0.0360827415	0	100	0	0	3
233	306	0	2.24751489	1.3632444	1.36064266	1.34171151	1.37094027	0.00426416246	0.0360827415	0	100	0	0	3
234	306	0	2.25716088	1.36370097	1.36105457	1.34171151	1.37094027	0.00467607782	0.0360827415	0	100	0	0	3
235	307	0	2.26680686	1.36549559	1.36151196	1.34187142	1.37094027	0.00513346399	0.0360827415	0	100	0	0	3
236	307	0	2.27645285	1.36610392	1.36197797	1.34529177	1.37094027	0.00559947364	0.0360827415	0	100	0	0	3
237	308	0	2.28609884	1.36875492	1.36242918	1.34833465	1.37094027	0.00605068815	0.0360827415	0	100	0	0	3
238	309	0	2.29574482	1.37325744	1.36290847	1.3525751	1.37325744	0.00652997253	0.0360827415	0	100	0	0	3
239	309	0	2.30539081	1.37468803	1.36333372	1.35512724	1.37468803	0.00695522115	0.0360827415	0	100	0	0	3
240	310	0	2.3150368	1.37411124	1.36369879	1.35743265	1.37468803	0.00732029805	0.0360827415	0	100	0	0	3
241	311	0	2.32468278	1.37620888	1.36402917	1.35743265	1.37620888	0.00765067985	0.0360827415	0	100	0	0	3
242	311	0	2.33432877	1.37640965	1.36434706	1.35743265	1.37640965	0.00796856101	0.0360827415	0	100	0	0	3
243	312	0	2.34397476	1.37794813	1.36466207	1.35743265	1.37794813	0.00828357451	0.0360827415	0	100	0	0	3
244	312	0	2.35362074	1.3763036	1.36492514	1.35743265	1.37794813	0.0085466495	0.0360827415	0	100	0	0	3
245	313	0	2.36326673	1.37554243	1.36512226	1.35743265	1.37794813	0.00874376686	0.0360827415	0	100	0	0	3
246	314	0	2.37291272	1.37437817	1.36529133	1.35743265	1.37794813	0.00891283804	0.0360827415	0	100	0	0	3
247	314	0	2.3825587	1.37315573	1.36545267	1.35743265	1.37794813	0.00907417161	0.0360827415	0	100	0	0	3
248	315	0	2.39220469	1.37039973	1.36562734	1.35743265	1.37794813	0.00924884073	0.0360827415	0	100	0	0	3
249	315	0	2.40185068	1.37027365	1.36583237	1.35743265	1.37794813	0.00945387786	0.0360827415	0	100	0	0	3
250	316	0	2.41149666	1.36904779	1.36601179	1.35743265	1.37794813	0.00963329216	0.0360827415	0	100	0	0	3
251	317	0	2.42114265	1.36960996	1.36613088	1.35743265	1.37794813	0.00968494546	0.0360827415	0	100	0	0	3
252	317	0	2.43078864	1.36841104	1.36613315	1.35743265	1.37794813	0.00951942093	0.0360827415	0	100	0	0	3
253	318	0	2.44043462	1.36634096	1.36607331	1.35743265	1.37794813	0.00928472845	0.0360827415	0	100	0	0	3
254	319	0	2.45008061	1.36273656	1.36591554	1.35743265	1.37794813	0.00913000383	0.0360827415	0	100	0	0	3
255	319	0	2.4597266	1.36190379	1.36579124	1.35743265	1.37794813	0.00894658145	0.0360827415	0	100	0	0	3
256	320	0	2.46937258	1.36133264	1.36571447	1.35743265	1.37794813	0.00888594385	0.0360827415	0	100	0	0	3
257	320	0	2.47901857	1.36249525	1.36571069	1.35743265	1.37794813	0.00888594385	0.0360827415	0	100	0	0	3
258	321	0	2.48866456	1.36339865	1.36579744	1.35743265	1.37794813	0.00888594385	0.0360827415	0	100	0	0	3
259	322	0	2.49831054	1.36406528	1.36590807	1.35743265	1.37794813	0.00888594385	0.0360827415	0	100	0	0	3
260	322	0	2.50795653	1.36171544	1.36598312	1.35743265	1.37794813	0.00888594385	0.0360827415	0	100	0	0	3
261	323	0	2.51760252	1.3620001	1.36607096	1.3577347	1.37794813	0.00887069469	0.0360827415	0	100	0	0	3
262	324	0	2.5272485	1.361935	1.36615173	1.35863613	1.37794813	0.00883675409	0.0360827415	0	100	0	0	3
263	324	0	2.53689449	1.3629929	1.36620281	1.35863613	1.37794813	0.00881590674	0.0360827415	0	100	0	0	3
264	325	0	2.54654048	1.36310683	1.36618828	1.35863613	1.37794813	0.00881590674	0.0360827415	0	100	0	0	3
265	326	0	2.55618646	1.36459154	1.36619739	1.35863613	1.37794813	0.00881590674	0.0360827415	0	100	0	0	3
266	326	0	2.56583245	1.36412806	1.36623534	1.35863613	1.37794813	0.00884844586	0.0360827415	0	100	0	0	3
267	327	0	2.57547843	1.36549059	1.36632974	1.35863613	1.37794813	0.00894284071	0.0360827415	0	100	0	0	3
268	327	0	2.58512442	1.36856687	1.3664985	1.35863613	1.37794813	0.00911160146	0.0360827415	0	100	0	0	3
269	328	0	2.59477041	1.36765266	1.36661725	1.35863613	1.37794813	0.00917389886	0.0360827415	0	100	0	0	3
270	329	0	2.60441639	1.36646327	1.36671331	1.35863613	1.37794813	0.00916403668	0.0360827415	0	100	0	0	3
271	329	0	2.61406238	1.36662013	1.36678095	1.35863613	1.37794813	0.00915611427	0.0360827415	0	100	0	0	3
272	330	0	2.62370837	1.36569953	1.36686258	1.35863613	1.37794813	0.00923092964	0.0360827415	0	100	0	0	3
273	330	0	2.63335435	1.36762963	1.3670117	1.35863613	1.37794813	0.00938004876	0.0360827415	0	100	0	0	3
274	331	0	2.64300034	1.36820023	1.36719562	1.36002091	1.37794813	0.00954185767	0.0360827415	0	100	0	0	3
275	332	0	2.65264633	1.3695381	1.36737864	1.36133264	1.37794813	0.0096486916	0.0360827415	0	100	0	0	3
276	332	0	2.66229231	1.37186249	1.36758075	1.36133264	1.37794813	0.00969918418	0.0360827415	0	100	0	0	3
277	333	0	2.6719383	1.3691691	1.36766688	1.36133264	1.37794813	0.00955385233	0.0360827415	0	100	0	0	3
278	334	0	2.68158429	1.36537384	1.36766249	1.36133264	1.37794813	0.00923772624	0.0360827415	0	100	0	0	3
279	334	0	2.69123027	1.36472291	1.36762457	1.36133264	1.37794813	0.00884383126	0.0360827415	0	100	0	0	3
280	335	0	2.70087626	1.36417521	1.36757209	1.36133264	1.37794813	0.0084192913	0.0360827415	0	100	0	0	3
281	335	0	2.71052225	1.3676761	1.36756199	1.36133264	1.37794813	0.00803313203	0.0360827415	0	100	0	0	3
282	336	0	2.72016823	1.36894314	1.36762252	1.36133264	1.37794813	0.00768126604	0.0360827415	0	100	0	0	3
283	337	0	2.72981422	1.37210906	1.36774973	1.36133264	1.37794813	0.00743809636	0.0360827415	0	100	0	0	3
284	337	0	2.73946021	1.37396131	1.36795466	1.36133264	1.37794813	0.00731200522	0.0360827415	0	100	0	0	3
285	338	0	2.74910619	1.37482751	1.36817741	1.36133264	1.37794813	0.00712284189	0.0360827415	0	100	0	0	3
286	339	0	2.75875218	1.37404124	1.36837627	1.36133264	1.37794813	0.00686430714	0.0360827415	0	100	0	0	3
287	339	0	2.76839817	1.37128874	1.36848767	1.36133264	1.37794813	0.00650970427	0.0360827415	0	100	0	0	3
288	340	0	2.77804415	1.36851061	1.36853396	1.36133264	1.37794813	0.00610477228	0.0360827415	0	100	0	0	3
289	340	0	2.78769014	1.36979711	1.368554	1.36133264	1.37794813	0.00564552997	0.0360827415	0	100	0	0	3
290	341	0	2.79733613	1.37074263	1.36850564	1.36133264	1.37794813	0.00522028135	0.0360827415	0	100	0	0	3
291	342	0	2.80698211	1.37324325	1.36847785	1.36133264	1.37794813	0.00485520445	0.0360827415	0	100	0	0	3
292	342	0	2.8166281	1.37169628	1.36843141	1.36133264	1.37794813	0.00452482264	0.0360827415	0	100	0	0	3
293	343	0	2.82627409	1.37290029	1.36836778	1.36133264	1.37794813	0.00420694149	0.0360827415	0	100	0	0	3
294	344	0	2.83592007	1.37291153	1.36830051	1.36133264	1.37794813	0.00389192798	0.0360827415	0	100	0	0	3
295	344	0	2.84556606	1.37260454	1.36819775	1.36133264	1.3763036	0.00362885299	0.0360827415	0	100	0	0	3
296	345	0	2.85521205	1.37047545	1.36808567	1.36133264	1.37554243	0.00343173563	0.0360827415	0	100	0	0	3
297	345	0	2.86485803	1.36945125	1.36796853	1.36133264	1.37482751	0.00326266445	0.0360827415	0	100	0	0	3
298	346	0	2.87450402	1.3670753	1.36782809	1.36133264	1.37482751	0.00310133088	0.0360827415	0	100	0	0	3
299	347	0	2.88415001	1.36804338	1.36772978	1.36133264	1.37482751	0.00292666177	0.0360827415	0	100	0	0	3
300	347	0	2.89379599	1.3679869	1.36768338	1.36133264	1.37482751	0.00284330725	0.0360827415	0	100	0	0	3
301	350	0	2.90344198	1.36989345	1.36767607	1.36133264	1.37482751	0.00284330725	0.0360827415	0	100	0	0	3
302	351	0	2.91308797	1.37092067	1.36771208	1.36133264	1.37482751	0.00284330725	0.0360827415	0	100	0	0	3
303	352	0	2.92273395	1.37222163	1.36776231	1.36133264	1.37482751	0.00284330725	0.0360827415	0	100	0	0	3
304	352	0	2.93237994	1.37033127	1.36779923	1.36133264	1.37482751	0.00284330725	0.0360827415	0	100	0	0	3
305	353	0	2.94202593	1.37001754	1.36786994	1.36133264	1.37482751	0.00284330725	0.0360827415	0	100	0	0	3
306	353	0	2.95167191	1.36906533	1.36799165	1.36133264	1.37482751	0.00284330725	0.0360827415	0	100	0	0	3
307	354	0	2.9613179	1.3704064	1.36815516	1.36133264	1.37482751	0.00284330725	0.0360827415	0	100	0	0	3
308	355	0	2.97096389	1.37187579	1.36835791	1.36171544	1.37482751	0.00284330725	0.0360827415	0	100	0	0	3
309	355	0	2.98060987	1.37508681	1.36860006	1.36171544	1.37508681	0.00280262034	0.0360827415	0	100	0	0	3
310	356	0	2.99025586	1.37528679	1.36882867	1.36171544	1.37528679	0.00292060375	0.0360827415	0	100	0	0	3
311	356	0	2.99990185	1.37524736	1.36904371	1.36171544	1.37528679	0.00306059388	0.0360827415	0	100	0	0	3
312	357	0	3.00954783	1.37280344	1.36925694	1.361935	1.37528679	0.00318598904	0.0360827415	0	100	0	0	3
313	358	0	3.01919382	1.3730997	1.3694704	1.361935	1.37528679	0.00331866781	0.0360827415	0	100	0	0	3
314	358	0	3.02883981	1.37382584	1.36969907	1.3629929	1.37528679	0.00351078381	0.0360827415	0	100	0	0	3
315	359	0	3.03848579	1.37410823	1.36991282	1.36310683	1.37528679	0.00372454008	0.0360827415	0	100	0	0	3
316	360	0	3.04813178	1.3713232	1.37007083	1.36412806	1.37528679	0.00387344345	0.0360827415	0	100	0	0	3
317	360	0	3.05777777	1.36854986	1.37014695	1.36412806	1.37528679	0.00391160816	0.0360827415	0	100	0	0	3
318	361	0	3.06742375	1.36873217	1.37023549	1.36417521	1.37528679	0.00390575395	0.0360827415	0	100	0	0	3
319	361	0	3.07706974	1.36659514	1.37025673	1.36417521	1.37528679	0.0037582344	0.0360827415	0	100	0	0	3
320	362	0	3.08671573	1.36479523	1.3701842	1.36417521	1.37528679	0.00363948788	0.0360827415	0	100	0	0	3
321	363	0	3.09636171	1.36505354	1.37013422	1.36417521	1.37528679	0.00354342771	0.0360827415	0	100	0	0	3
322	363	0	3.1060077	1.36357766	1.37007873	1.36357766	1.37528679	0.0034757878	0.0360827415	0	100	0	0	3
323	364	0	3.11565369	1.36342078	1.3700172	1.36342078	1.37528679	0.00339415747	0.0360827415	0	100	0	0	3
324	365	0	3.12529967	1.36159242	1.36993822	1.36159242	1.37528679	0.00324503835	0.0360827415	0	100	0	0	3
325	365	0	3.13494566	1.36233897	1.36983648	1.36159242	1.37528679	0.00306111336	0.0360827415	0	100	0	0	3
326	366	0	3.14459165	1.36197734	1.3697168	1.36159242	1.37528679	0.00287809048	0.0360827415	0	100	0	0	3
327	366	0	3.15423763	1.36231943	1.36957798	1.36159242	1.37528679	0.00269474272	0.0360827415	0	100	0	0	3
328	367	0	3.16388362	1.36136448	1.3693761	1.36136448	1.37528679	0.00269474272	0.0360827415	0	100	0	0	3
329	368	0	3.17352961	1.36337419	1.36926466	1.36136448	1.37528679	0.00269474272	0.0360827415	0	100	0	0	3
330	368	0	3.18317559	1.36415828	1.36924128	1.36136448	1.37528679	0.00269474272	0.0360827415	0	100	0	0	3
331	369	0	3.19282158	1.3642063	1.36923135	1.36136448	1.37528679	0.00269474272	0.0360827415	0	100	0	0	3
332	370	0	3.20246757	1.36203975	1.36919028	1.36136448	1.37528679	0.00269474272	0.0360827415	0	100	0	0	3
333	370	0	3.21211355	1.36075271	1.36905714	1.36075271	1.37528679	0.00263421827	0.0360827415	0	100	0	0	3
334	371	0	3.22175954	1.35780777	1.368843	1.35780777	1.37528679	0.00258066909	0.0360827415	0	100	0	0	3
335	371	0	3.23140553	1.35837701	1.36857892	1.35780777	1.37528679	0.00258066909	0.0360827415	0	100	0	0	3
336	372	0	3.24105151	1.35763539	1.36826496	1.35763539	1.37528679	0.00258066909	0.0360827415	0	100	0	0	3
337	373	0	3.2506975	1.35761697	1.36793399	1.35761697	1.37528679	0.00258066909	0.0360827415	0	100	0	0	3
338	373	0	3.26034349	1.35727762	1.36761161	1.35727762	1.37528679	0.00264512467	0.0360827415	0	100	0	0	3
339	374	0	3.26998947	1.35588678	1.36731542	1.35588678	1.37528679	0.00294131622	0.0360827415	0	100	0	0	3
340	375	0	3.27963546	1.35127018	1.36698387	1.35127018	1.37528679	0.00327286292	0.0360827415	0	100	0	0	3
341	375	0	3.28928145	1.34989118	1.36660107	1.34989118	1.37528679	0.00365566923	0.0360827415	0	100	0	0	3
342	376	0	3.29892743	1.34839405	1.36617129	1.34839405	1.37528679	0.00408544958	0.0360827415	0	100	0	0	3
343	376	0	3.30857342	1.35036091	1.36573124	1.34839405	1.37528679	0.00452549443	0.0360827415	0	100	0	0	3
344	377	0	3.31821941	1.35222718	1.36535683	1.34839405	1.37528679	0.00489990027	0.0360827415	0	100	0	0	3
345	378	0	3.32786539	1.35586067	1.36502915	1.34839405	1.37528679	0.00522758539	0.0360827415	0	100	0	0	3
346	378	0	3.33751138	1.35793632	1.36474116	1.34839405	1.37528679	0.00551557013	0.0360827415	0	100	0	0	3
347	379	0	3.34715737	1.36015656	1.36450178	1.34839405	1.37528679	0.00575495424	0.0360827415	0	100	0	0	3
348	379	0	3.35680335	1.35900677	1.36428123	1.34839405	1.37528679	0.00597550568	0.0360827415	0	100	0	0	3
349	380	0	3.36644934	1.35876387	1.3640757	1.34839405	1.37528679	0.00618103226	0.0360827415	0	100	0	0	3
350	381	0	3.37609533	1.35809816	1.36390307	1.34839405	1.37528679	0.00635366944	0.0360827415	0	100	0	0	3
351	381	0	3.38574131	1.3587446	1.36372424	1.34839405	1.37528679	0.00653249206	0.0360827415	0	100	0	0	3
352	382	0	3.3953873	1.35678983	1.36350891	1.34839405	1.37528679	0.00674782031	0.0360827415	0	100	0	0	3
353	383	0	3.40503329	1.35670239	1.36325524	1.34839405	1.37528679	0.00700149457	0.0360827415	0	100	0	0	3
354	383	0	3.41467927	1.35614538	1.3629711	1.34839405	1.37528679	0.00728563472	0.0360827415	0	100	0	0	3
355	384	0	3.42432526	1.35655446	1.36266981	1.34839405	1.37528679	0.00758692651	0.0360827415	0	100	0	0	3
356	384	0	3.43397125	1.35665994	1.3624069	1.34839405	1.37528679	0.00784983658	0.0360827415	0	100	0	0	3
357	385	0	3.44361723	1.35795068	1.36217484	1.34839405	1.37528679	0.00808189154	0.0360827415	0	100	0	0	3
358	386	0	3.45326322	1.35741579	1.36195081	1.34839405	1.37528679	0.00830592111	0.0360827415	0	100	0	0	3
359	386	0	3.46290921	1.35980276	1.3617469	1.34839405	1.37528679	0.00850983729	0.0360827415	0	100	0	0	3
360	387	0	3.47255519	1.36065256	1.36153107	1.34839405	1.37528679	0.00872566877	0.0360827415	0	100	0	0	3
361	388	0	3.48220118	1.36083542	1.361257	1.34839405	1.37528679	0.00899973402	0.0360827415	0	100	0	0	3
362	388	0	3.49184717	1.35975983	1.36095841	1.34839405	1.37524736	0.00929832945	0.0360827415	0	100	0	0	3
363	389	0	3.50149315	1.36078094	1.36068021	1.34839405	1.37410823	0.00957652995	0.0360827415	0	100	0	0	3
364	390	0	3.51113914	1.3639608	1.36051015	1.34839405	1.37410823	0.00974658062	0.0360827415	0	100	0	0	3
365	390	0	3.52078513	1.36461506	1.36034699	1.34839405	1.37410823	0.00990974688	0.0360827415	0	100	0	0	3
366	391	0	3.53043111	1.36337865	1.36014608	1.34839405	1.37410823	0.0101106544	0.0360827415	0	100	0	0	3
367	391	0	3.5400771	1.36056727	1.35988568	1.34839405	1.3713232	0.0103710575	0.0360827415	0	100	0	0	3
368	392	0	3.54972309	1.35613123	1.35959352	1.34839405	1.36873217	0.0106632109	0.0360827415	0	100	0	0	3
369	393	0	3.55936907	1.35250527	1.35928497	1.34839405	1.36873217	0.0109717606	0.0360827415	0	100	0	0	3
370	393	0	3.56901506	1.34618701	1.35885141	1.34618701	1.36659514	0.0114053213	0.0360827415	0	100	0	0	3
371	394	0	3.57866105	1.34389166	1.35841481	1.34389166	1.36505354	0.0117693951	0.0360827415	0	100	0	0	3
372	395	0	3.58830703	1.34215764	1.35797947	1.34215764	1.36505354	0.0121547503	0.0360827415	0	100	0	0	3
373	395	0	3.59795302	1.34422356	1.35757889	1.34215764	1.36461506	0.0124998344	0.0360827415	0	100	0	0	3
374	396	0	3.60759901	1.34554905	1.35723219	1.34215764	1.36461506	0.0127850126	0.0360827415	0	100	0	0	3
375	396	0	3.61724499	1.3467218	1.35691106	1.34215764	1.36461506	0.0130271639	0.0360827415	0	100	0	0	3
376	397	0	3.62689098	1.34452869	1.35658291	1.34215764	1.36461506	0.0132535689	0.0360827415	0	100	0	0	3
377	398	0	3.63653697	1.34446123	1.3562391	1.34215764	1.36461506	0.0134777006	0.0360827415	0	100	0	0	3
378	398	0	3.64618295	1.34468925	1.35590664	1.34215764	1.36461506	0.0136713435	0.0360827415	0	100	0	0	3
379	399	0	3.65582894	1.34554281	1.35558401	1.34215764	1.36461506	0.0137920861	0.0360827415	0	100	0	0	3
380	400	0	3.66547493	1.34543862	1.35527775	1.34215764	1.36461506	0.0139869123	0.0360827415	0	100	0	0	3
381	400	0	3.67512091	1.34800369	1.35498216	1.34215764	1.36461506	0.0142591227	0.0360827415	0	100	0	0	3
382	401	0	3.6847669	1.350712	1.35472358	1.34215764	1.36461506	0.0145077704	0.0360827415	0	100	0	0	3
383	401	0	3.69441289	1.35731858	1.35459112	1.34215764	1.36461506	0.01459916	0.0360827415	0	100	0	0	3
384	402	0	3.70405887	1.36448984	1.35463824	1.34215764	1.36461506	0.014466018	0.0360827415	0	100	0	0	3
385	403	0	3.71370486	1.36720535	1.35476233	1.34215764	1.36720535	0.0142518762	0.0360827415	0	100	0	0	3
386	403	0	3.72335085	1.37258835	1.35504657	1.34215764	1.37258835	0.0139877982	0.0360827415	0	100	0	0	3
387	404	0	3.73299683	1.37426441	1.3553521	1.34215764	1.37426441	0.0136738382	0.0360827415	0	100	0	0	3
388	404	0	3.74264282	1.37460496	1.35567843	1.34215764	1.37460496	0.0133428662	0.0360827415	0	100	0	0	3
389	405	0	3.75228881	1.37795196	1.35606949	1.34215764	1.37795196	0.0130204888	0.0360827415	0	100	0	0	3
390	406	0	3.76193479	1.38154529	1.35653618	1.34215764	1.38154529	0.0127242973	0.0360827415	0	100	0	0	3
391	406	0	3.77158078	1.37929308	1.3569863	1.34215764	1.38154529	0.0123927506	0.0360827415	0	100	0	0	3
392	407	0	3.78122677	1.37357197	1.35741518	1.34215764	1.38154529	0.0120099443	0.0360827415	0	100	0	0	3
393	408	0	3.79087275	1.3693858	1.35779008	1.34215764	1.38154529	0.0115801639	0.0360827415	0	100	0	0	3
394	408	0	3.80051874	1.36479507	1.35810548	1.34215764	1.38154529	0.0111401191	0.0360827415	0	100	0	0	3
395	409	0	3.81016473	1.36167923	1.35832314	1.34215764	1.38154529	0.0107657132	0.0360827415	0	100	0	0	3
396	409	0	3.81981071	1.35648893	1.3584051	1.34215764	1.38154529	0.0104380281	0.0360827415	0	100	0	0	3
397	410	0	3.8294567	1.35451461	1.35837921	1.34215764	1.38154529	0.0101500434	0.0360827415	0	100	0	0	3
398	411	0	3.83910269	1.35410951	1.35830562	1.34215764	1.38154529	0.00991065925	0.0360827415	0	100	0	0	3
399	411	0	3.84874867	1.35719931	1.35824875	1.34215764	1.38154529	0.00969010781	0.0360827415	0	100	0	0	3
400	412	0	3.85839466	1.35941373	1.35825657	1.34215764	1.38154529	0.00948458123	0.0360827415	0	100	0	0	3
401	415	0	3.86804065	1.36217956	1.35832226	1.34215764	1.38154529	0.00931194405	0.0360827415	0	100	0	0	3
402	416	0	3.87768663	1.36201305	1.35839755	1.34215764	1.38154529	0.00913312143	0.0360827415	0	100	0	0	3
403	416	0	3.88733262	1.36413838	1.35850127	1.34215764	1.38154529	0.00891779318	0.0360827415	0	100	0	0	3
404	417	0	3.89697861	1.36383634	1.35863678	1.34215764	1.38154529	0.00866411892	0.0360827415	0	100	0	0	3
405	418	0	3.90662459	1.36413138	1.35877965	1.34215764	1.38154529	0.00837997877	0.0360827415	0	100	0	0	3
406	418	0	3.91627058	1.36422536	1.35893503	1.34215764	1.38154529	0.00807868698	0.0360827415	0	100	0	0	3
407	419	0	3.92591657	1.36689957	1.35913398	1.34215764	1.38154529	0.00781577691	0.0360827415	0	100	0	0	3
408	420	0	3.93556255	1.36874649	1.35936641	1.34215764	1.38154529	0.00758372194	0.0360827415	0	100	0	0	3
409	420	0	3.94520854	1.37289455	1.35965379	1.34215764	1.38154529	0.00735969238	0.0360827415	0	100	0	0	3
410	421	0	3.95485453	1.37680169	1.3600266	1.34215764	1.38154529	0.0071557762	0.0360827415	0	100	0	0	3
411	421	0	3.96450051	1.37338858	1.36028786	1.34215764	1.38154529	0.00693994472	0.0360827415	0	100	0	0	3
412	422	0	3.9741465	1.37016555	1.36047081	1.34215764	1.38154529	0.00666587946	0.0360827415	0	100	0	0	3
413	423	0	3.98379249	1.36993196	1.36064574	1.34215764	1.38154529	0.00636728404	0.0360827415	0	100	0	0	3
414	423	0	3.99343847	1.36799014	1.36080402	1.34215764	1.38154529	0.00621289391	0.0360827415	0	100	0	0	3
415	424	0	4.00308446	1.36499782	1.36088511	1.34215764	1.38154529	0.00629398775	0.0360827415	0	100	0	0	3
